,Score,Summary,Text,original_text
0,5,addictive! but works for night coughing in dogs,my 12 year old sheltie has chronic brochotitis been on meds for three years these help with the coughing fits at night so i like thembr  one bite and both my dogs are addicted be warned 7 pm both shelties are on my lap howling for the drug fix i am a dog trainer and have never seen  anything like itbr br three weeks later the beloved sheltie got a bowel blockage from these use with cautionbr if the cat gets too many she has the runsbr sheltie did better when i upped her thryoid meds and gave her doggie asthma medsbr so it worked better for the 18 year old cat who also has asthma,my 12 year old sheltie has chronic brochotitis been on meds for three years these help with the coughing fits at night so i like thembr  one bite and both my dogs are addicted be warned 7 pm both shelties are on my lap howling for the drug fix i am a dog trainer and have never seen  anything like itbr br three weeks later the beloved sheltie got a bowel blockage from these use with cautionbr if the cat gets too many she has the runsbr sheltie did better when i upped her thryoid meds and gave her doggie asthma medsbr so it worked better for the 18 year old cat who also has asthma
1,5,genuine greenies best price,these are genuine greenies product not a knockoff  my dogs love them  it is their favorite treat  i have 2 small dogs both under 10 lbs and the teenie size is perfect for them  i paid 2237 for this 96pack and it is by far the best price i have found anywhere  i wish these were part of the subscribe  save program,these are genuine greenies product not a knockoff  my dogs love them  it is their favorite treat  i have 2 small dogs both under 10 lbs and the teenie size is perfect for them  i paid 2237 for this 96pack and it is by far the best price i have found anywhere  i wish these were part of the subscribe  save program
2,5,perfect for our little doggies,our dogs love greenies but of course which doggies dont  i bought this for my dashchund and minpin and its perfect  a great price for a great product  who could ask for more,our dogs love greenies but of course which doggies dont  i bought this for my dashchund and minpin and its perfect  a great price for a great product  who could ask for more
3,5,dogs love greenies,what can i say dogs love greenies they begg for them all the time they always sit by the cupboard and ask for more,what can i say dogs love greenies they begg for them all the time they always sit by the cupboard and ask for more
4,5,greenies review,this review is for a box of greenies lite for my dog the package came quickly and was packaged appropriately i was very satisfied with this purchase and with the seller,this review is for a box of greenies lite for my dog the package came quickly and was packaged appropriately i was very satisfied with this purchase and with the seller
5,5,magic breath chews for your dog,i highly recommend these chews for your dog they do exactly what they say that they will do freshen your dogs breathbr br i found them to be significantly cheaper to buy them at amazon compared to the chain pet stores at least 10 cheaper as of sept 2011br br i have read that some dogs do not chew them well enough and have choked i have not had that happen to my dog but it is probably something you need to take into considerationbr br my advice is to buy a smaller bag at a pet store first and see if they work for your animal then come back and buy them here,i highly recommend these chews for your dog they do exactly what they say that they will do freshen your dogs breathbr br i found them to be significantly cheaper to buy them at amazon compared to the chain pet stores at least 10 cheaper as of sept 2011br br i have read that some dogs do not chew them well enough and have choked i have not had that happen to my dog but it is probably something you need to take into considerationbr br my advice is to buy a smaller bag at a pet store first and see if they work for your animal then come back and buy them here
6,5,greenies for seniors,i have always used greenies for my dogs these for seniors are wonderful i have an elderly bulldog with really bad breath she used to swallow the original greenies whole so i quit buying them for her she actually does chew these and eat them and they make a big difference in how her breath smells great product and the price is better than i have seen it in some local pet stores,i have always used greenies for my dogs these for seniors are wonderful i have an elderly bulldog with really bad breath she used to swallow the original greenies whole so i quit buying them for her she actually does chew these and eat them and they make a big difference in how her breath smells great product and the price is better than i have seen it in some local pet stores
7,5,kinda pricy but good!,if youve got hard chewers like one of our dogs these things wont really work for the brushing aspect  theyre bussted up and swallowed pretty quickly we have three chihuahua mixes and they dispatched these petite ones too quickly so we get them the next size up small i think but the product is good and they really do help a bit with breath  although the biggest badbreathmaker is teeth that need brushing and there is no substitute for real brushingcleaning  these are good as part of the process though we have and will continue to purchase this product,if youve got hard chewers like one of our dogs these things wont really work for the brushing aspect  theyre bussted up and swallowed pretty quickly we have three chihuahua mixes and they dispatched these petite ones too quickly so we get them the next size up small i think but the product is good and they really do help a bit with breath  although the biggest badbreathmaker is teeth that need brushing and there is no substitute for real brushingcleaning  these are good as part of the process though we have and will continue to purchase this product
8,5,dog loves these,i tried greenies on my dog about 8 years ago and he wont eat them  so i tried dental rawhide chews which he chewed just fine  my dog is now 13 years old and he started to swallow the dental rawhide whole and would choke on them  im not sure because of his age that he tries to swallow them whole but im sure its not good for him  i thought i would try the greenies again because the reviews are good and they break into bits when chewed  i order the large greenies for him and he loves them  im not sure if they changed the taste or what but he chews them and hopefully it will help maintain his teeth,i tried greenies on my dog about 8 years ago and he wont eat them  so i tried dental rawhide chews which he chewed just fine  my dog is now 13 years old and he started to swallow the dental rawhide whole and would choke on them  im not sure because of his age that he tries to swallow them whole but im sure its not good for him  i thought i would try the greenies again because the reviews are good and they break into bits when chewed  i order the large greenies for him and he loves them  im not sure if they changed the taste or what but he chews them and hopefully it will help maintain his teeth
9,5,great treat and good for dental health,this is a fabulous treat for my little cavalier king charles he looks forward to it after his daily dental cleaning i cut each greenie into smaller pieces because jb for james bond has long ears and he chews on the smaller pieces without letting anything fall on the floor and sticking to his ears,this is a fabulous treat for my little cavalier king charles he looks forward to it after his daily dental cleaning i cut each greenie into smaller pieces because jb for james bond has long ears and he chews on the smaller pieces without letting anything fall on the floor and sticking to his ears
10,5,my dogs love these chews!,i am the lucky parent of three dogs i alternate their teeth cleaning chews and they love the greenies and the checkups best thanks to amazon i dont have to pay for sh which living in alaska usually costs a fortune thank you amazon i prefer to purchase from our local pet store but they arent able to get the greenies or the checkups so im very happy that i can order them through amazon,i am the lucky parent of three dogs i alternate their teeth cleaning chews and they love the greenies and the checkups best thanks to amazon i dont have to pay for sh which living in alaska usually costs a fortune thank you amazon i prefer to purchase from our local pet store but they arent able to get the greenies or the checkups so im very happy that i can order them through amazon
11,5,awesome!,this is a great product my 2 year old golden retriever hates to have his teeth brushed and this product made his teeth white again great seller and great price too,this is a great product my 2 year old golden retriever hates to have his teeth brushed and this product made his teeth white again great seller and great price too
12,4,my cat loves the dog greenies,i was looking for a way to help clean my cats teeth so at first i tried the feline greeniesbut he wouldnt have anything to do with those i went to the local pet store looking for an alternative and the clerk suggested trying the dog greenies instead i was skeptical at first so i only bought a couple of individually wrapped samples well my cat absolutely loves the dog greenies they do seem to help his breath but i dont know how much they help the plaque and tartar build up oh well it has become the only treat he likes so i will keep buying bulk boxes i give him one every day occasionally two if i need to bribe him to stay inside when i open the door,i was looking for a way to help clean my cats teeth so at first i tried the feline greeniesbut he wouldnt have anything to do with those i went to the local pet store looking for an alternative and the clerk suggested trying the dog greenies instead i was skeptical at first so i only bought a couple of individually wrapped samples well my cat absolutely loves the dog greenies they do seem to help his breath but i dont know how much they help the plaque and tartar build up oh well it has become the only treat he likes so i will keep buying bulk boxes i give him one every day occasionally two if i need to bribe him to stay inside when i open the door
13,4,whiten your dogs teeth,greenies are an excellant way to whiten your dogs teeth the costs were much lower here than what you can buy locally at the dog food stores they have made a great improvment in my dogs breath tarter and overall mouth smell,greenies are an excellant way to whiten your dogs teeth the costs were much lower here than what you can buy locally at the dog food stores they have made a great improvment in my dogs breath tarter and overall mouth smell
14,4,dogs love them - owners hate paying for them!,my dogs are addicted to these things and its my fault  whether or not they are good for my dogs teeth and digestive health is up in the air all i know is that it keeps them quiet and they will do anything for thembr br i would lower the star ratings based on the fact that the manufacturer knows they have some what of a monopoly and charge an inordinate amount for these treats yet i am dumb enough to buy them so its basically my faultbr br at least by buying on amazon you are saving some dollar bills as compared to a traditional brick and mortarbr br my only gripe is that by the time you get to the end of the box even if you seal the bag they get significantly harder and i am somewhat concerned that they will splinterbr br also be sure to watch over your dog when he eats them just to be safe,my dogs are addicted to these things and its my fault  whether or not they are good for my dogs teeth and digestive health is up in the air all i know is that it keeps them quiet and they will do anything for thembr br i would lower the star ratings based on the fact that the manufacturer knows they have some what of a monopoly and charge an inordinate amount for these treats yet i am dumb enough to buy them so its basically my faultbr br at least by buying on amazon you are saving some dollar bills as compared to a traditional brick and mortarbr br my only gripe is that by the time you get to the end of the box even if you seal the bag they get significantly harder and i am somewhat concerned that they will splinterbr br also be sure to watch over your dog when he eats them just to be safe
15,4,likes it,this product does help to cleen the teeth but doesnt really help to get rid of the bad breath of my pombut still a good buy cause the size is perfect for small breed dogs,this product does help to cleen the teeth but doesnt really help to get rid of the bad breath of my pombut still a good buy cause the size is perfect for small breed dogs
16,4,my dogs' teeth are pearly white,my dogs love their greenies and their teeth are pearly white from chewing on them  the only problem is that greenies are expensive so i buy them in bulk on amazon to keep the prices down a little bit,my dogs love their greenies and their teeth are pearly white from chewing on them  the only problem is that greenies are expensive so i buy them in bulk on amazon to keep the prices down a little bit
17,5,my dog loves these,my dog loves greenies  she waits for them everyday  we give her one regular sized one per day and the teenies as treats for going outside etc  i have heard that these do not digest easily if your dog is not a chewer  my dog is a chewer so it works out great  she is addicted,my dog loves greenies  she waits for them everyday  we give her one regular sized one per day and the teenies as treats for going outside etc  i have heard that these do not digest easily if your dog is not a chewer  my dog is a chewer so it works out great  she is addicted
18,5,our dog loves her greenies!,super fast shipping even included a couple trial treats  our dog loves these and well be purchasing them again,super fast shipping even included a couple trial treats  our dog loves these and well be purchasing them again
19,5,good deal for my good dog,my dog looks forward to a greenie dessert everyday  you will not find this deal at the local pet stores  i love the fact that i get a good deal at amazon  i save time and gas  my dog thanks us both,my dog looks forward to a greenie dessert everyday  you will not find this deal at the local pet stores  i love the fact that i get a good deal at amazon  i save time and gas  my dog thanks us both
20,5,greenies,perform as promised  no problems with blobs since my dog chews em up real well,perform as promised  no problems with blobs since my dog chews em up real well
21,5,my dogs love them!,great treat for all doggies very healthy and they adore them  excellent and fast shippingwill buy again,great treat for all doggies very healthy and they adore them  excellent and fast shippingwill buy again
22,5,teenie greenies,my little dogs really like these teenie greenies dental chewies not only are they good for the dogs teeth the dogs consider them a treat i am not able to find these really small greenies elsewhere the smallest i can find in the stores are petites which are too large for these little dogs to chew  so thank you for making these available  i was very pleased with the service these arrived here quickly and in excellent condition  i will order from this website again,my little dogs really like these teenie greenies dental chewies not only are they good for the dogs teeth the dogs consider them a treat i am not able to find these really small greenies elsewhere the smallest i can find in the stores are petites which are too large for these little dogs to chew  so thank you for making these available  i was very pleased with the service these arrived here quickly and in excellent condition  i will order from this website again
23,5,expensive treats but my dogs love them!,i have two airedales  they arent fussy eaters  or snackers  but each gets a greenie at bedtime  we let them out in the yard for a bit before they go to bed and all i have to do is say time for your greenies to make them race for the house and dance around until they get that bedtime snack  its their special treat and i love the fact that they actually have to chew them moderately slowly instead of just inhaling them  the only drawback is that theyre expensive,i have two airedales  they arent fussy eaters  or snackers  but each gets a greenie at bedtime  we let them out in the yard for a bit before they go to bed and all i have to do is say time for your greenies to make them race for the house and dance around until they get that bedtime snack  its their special treat and i love the fact that they actually have to chew them moderately slowly instead of just inhaling them  the only drawback is that theyre expensive
24,5,very happy with purchase,i was very happy with the quick delivery and how i was given a tracking method to determine where my greenies were ill telling my friends and relatives about the good experience,i was very happy with the quick delivery and how i was given a tracking method to determine where my greenies were ill telling my friends and relatives about the good experience
25,4,my dog loves them,what can i say my dog goes crazy over these things  wish i really understood what are in them that makes it so desirablenow if we could only do this for vegetables so kids would be excited,what can i say my dog goes crazy over these things  wish i really understood what are in them that makes it so desirablenow if we could only do this for vegetables so kids would be excited
26,5,my silky terrier loves these!,he weighs 15 pounds so he is just at the top of the range for the teenie size greenies  he likes them so much he would probably prefer the jumbo size  ive given him these for his whole life so i dont know if they get his teeth any cleaner than without them but his teeth look pretty clean to me,he weighs 15 pounds so he is just at the top of the range for the teenie size greenies  he likes them so much he would probably prefer the jumbo size  ive given him these for his whole life so i dont know if they get his teeth any cleaner than without them but his teeth look pretty clean to me
27,5,great for dog breath and teeth,ive been buying this product for a few years and am very happy with it my dog loves them,ive been buying this product for a few years and am very happy with it my dog loves them
28,4,my dog loves these,ok can i just express how much my dog loves greenies  i know that there have been reports of problems with dogs inhaling them without chewing them well and thus having digestion problems but my dog savors them  she freaks out when she knows shes going to get one and will heard whomever is getting it right to the place we store them  she knows if we talk about them so we have to call them gs to each other  she will tolerate other treats if im waiting for an order from amazon but she doesnt like it  the only downfall is the price  i can usually find a pretty good deal somewhere on amazon and so ill stock up on them when i can  if i cant she has to wait and substitute with something else,ok can i just express how much my dog loves greenies  i know that there have been reports of problems with dogs inhaling them without chewing them well and thus having digestion problems but my dog savors them  she freaks out when she knows shes going to get one and will heard whomever is getting it right to the place we store them  she knows if we talk about them so we have to call them gs to each other  she will tolerate other treats if im waiting for an order from amazon but she doesnt like it  the only downfall is the price  i can usually find a pretty good deal somewhere on amazon and so ill stock up on them when i can  if i cant she has to wait and substitute with something else
29,5,greenies,stopped being able to find large quantities locally so glad that amazon has vendors who are selling them at a great price,stopped being able to find large quantities locally so glad that amazon has vendors who are selling them at a great price
30,5,greenie review,a hrefhttpwwwamazoncomgpproductb000kbfkiqgreenies dental chews  27 ounce box  petite  45 counta very good product delivered promptly at a fair price will order more from this site,a hrefhttpwwwamazoncomgpproductb000kbfkiqgreenies dental chews  27 ounce box  petite  45 counta very good product delivered promptly at a fair price will order more from this site
31,4,great for picky eaters,my dog is the pickiest eater and does not enjoy many treats but he goes crazy over this one it helps freshen his breath but i dont know how to evaluate the cleaning ability of this product the only bad thing is that it will make your dog fat if he eats too much,my dog is the pickiest eater and does not enjoy many treats but he goes crazy over this one it helps freshen his breath but i dont know how to evaluate the cleaning ability of this product the only bad thing is that it will make your dog fat if he eats too much
32,1,check contents first,half way through the supply i noticed that there were tiny white worms boring through a greenie so i checked the remaining greenies and they also had worms  please empty the contents of the box and check the greenies when you receive your order before giving them to your dog  this may have been an isolated incident but it would only take a few minutes to check the contents for freshness,half way through the supply i noticed that there were tiny white worms boring through a greenie so i checked the remaining greenies and they also had worms  please empty the contents of the box and check the greenies when you receive your order before giving them to your dog  this may have been an isolated incident but it would only take a few minutes to check the contents for freshness
33,3,"dogs love them, but i don't think they love dogs",i will continue to give these to my dogs they like them and supposedly they clean their teethbr i started to give these to my dog daily but her digestive system did not like it enough for that most of it seems to be digestible but she threw up green foam on the morning after the second day in a row of eating oneaday greenies note that she was also constipated as well greenie advises to have plenty of water available for drinking these so i am guess they know these side effects can occur my dog has plenty of water available but she didnt drink any more than normal which may have resulted in the effects i dont plan on training my dog to drink lots of extra water after eating these giving here one every now and then shows no negative effects and that what i plan on doingbr not a complaint to me but i think people who like giving there dog all natural health food should know that this product is far from green it is pumped pull of artificial ingredients like a multivitamin it is also made from concentrated grain protein rather than the animal protein dogs should be getting i personally dont feel that this is that big of a deal health wise for a creature than lives 1218 years but or people who invest the extra money on organicnatural dog food you should be staying away from this product,i will continue to give these to my dogs they like them and supposedly they clean their teethbr i started to give these to my dog daily but her digestive system did not like it enough for that most of it seems to be digestible but she threw up green foam on the morning after the second day in a row of eating oneaday greenies note that she was also constipated as well greenie advises to have plenty of water available for drinking these so i am guess they know these side effects can occur my dog has plenty of water available but she didnt drink any more than normal which may have resulted in the effects i dont plan on training my dog to drink lots of extra water after eating these giving here one every now and then shows no negative effects and that what i plan on doingbr not a complaint to me but i think people who like giving there dog all natural health food should know that this product is far from green it is pumped pull of artificial ingredients like a multivitamin it is also made from concentrated grain protein rather than the animal protein dogs should be getting i personally dont feel that this is that big of a deal health wise for a creature than lives 1218 years but or people who invest the extra money on organicnatural dog food you should be staying away from this product
34,3,wrong size,i ordered the greenies petite size for my dogs as i have done many times  before thru amazon  this time however the wrong size greenies arrived  the thing is the box did say it was the petite size on it  after i opened the box i found that it was the next size up and too big for my dogs to eat  now i have to try  cut these stinkers with a scissors each day  im not happybut i couldnt return them as i had opened the packagebr i am afraid to order more as the entire batch that amazon has may all be mislabled,i ordered the greenies petite size for my dogs as i have done many times  before thru amazon  this time however the wrong size greenies arrived  the thing is the box did say it was the petite size on it  after i opened the box i found that it was the next size up and too big for my dogs to eat  now i have to try  cut these stinkers with a scissors each day  im not happybut i couldnt return them as i had opened the packagebr i am afraid to order more as the entire batch that amazon has may all be mislabled
35,5,a great deal on greenies,paid only 22 with free shipping for 96 teenies compared to about 35 at the pet store how can you go wrong with a deal like that  the dog begs for his daily greenie got to have them,paid only 22 with free shipping for 96 teenies compared to about 35 at the pet store how can you go wrong with a deal like that  the dog begs for his daily greenie got to have them
36,5,greenies for dogs,how well the dogs would eat them  glad to know the benefits the animals get from chewing them both for teeth cleaning and breathe  safety us always an issue,how well the dogs would eat them  glad to know the benefits the animals get from chewing them both for teeth cleaning and breathe  safety us always an issue
37,1,very dangerous product for dogs,i bought this for my dog  he loved it  however i noticed that he stopped pooping and came to realize after googling that it caused him to be constipated  his stomach was very bloated and i could feel that his colon was obstructed by something  a piece of undigested greenies treat  i gave him all some olive oil and mineral oil and massaged his colon and eventually he started pooping again  i did notice that the greenie came out undigested  this product is really dangerous and i would love to join in on a class action lawsuit against this unethical company  they have made greenies tasty but that is all it is  a tasty but dangerous product,i bought this for my dog  he loved it  however i noticed that he stopped pooping and came to realize after googling that it caused him to be constipated  his stomach was very bloated and i could feel that his colon was obstructed by something  a piece of undigested greenies treat  i gave him all some olive oil and mineral oil and massaged his colon and eventually he started pooping again  i did notice that the greenie came out undigested  this product is really dangerous and i would love to join in on a class action lawsuit against this unethical company  they have made greenies tasty but that is all it is  a tasty but dangerous product
38,5,best doggie treat,i buy the teenie greenies and break them in half for our dogs  they go nuts over them no matter what the size  having them in a lite version is even better because the vet did tell me they are high in calories  dont know what they put in these things to make them so appealing but havent known a dog yet who doesnt love them  hope they are also doing the job they are meant to do,i buy the teenie greenies and break them in half for our dogs  they go nuts over them no matter what the size  having them in a lite version is even better because the vet did tell me they are high in calories  dont know what they put in these things to make them so appealing but havent known a dog yet who doesnt love them  hope they are also doing the job they are meant to do
39,5,dog loves greenies,greenies are always a good product  our dog loves them and reminds us if we forget to give him one  plus i love the price on amazon and cant always get them locally,greenies are always a good product  our dog loves them and reminds us if we forget to give him one  plus i love the price on amazon and cant always get them locally
40,5,great teeth,my vet is always surprised how clean my 8 year old dogs teeth are and i attribute this the his daily greenie,my vet is always surprised how clean my 8 year old dogs teeth are and i attribute this the his daily greenie
41,5,radtechmom,our beautiful belle loves her daily toothbrush treat amazon provides an awesome price and delivers them to our doorstep that makes it even handier the greenies are a proven winner for a more natural breath freshening dog treat too bad greenies doesnt get more green with their packaging and lose the outer box that they use the sealed inside bag would be plenty good enough it keeps the treats fresh and takes up less space the first thing we do is toss the box out what a waste,our beautiful belle loves her daily toothbrush treat amazon provides an awesome price and delivers them to our doorstep that makes it even handier the greenies are a proven winner for a more natural breath freshening dog treat too bad greenies doesnt get more green with their packaging and lose the outer box that they use the sealed inside bag would be plenty good enough it keeps the treats fresh and takes up less space the first thing we do is toss the box out what a waste
42,5,my dogs love these,in september i adopted 2 adult border terrier mixes from the shelter pet project and the oldest girl had a few breath issues  heard about greenies and have not been disappointed  the two of them love their treat before i go to work and it is comical to see them chew and chew and chew since that is what removes the tartar amazon has much better pricing then the pet centers so i love it  try them for your pet they will love it,in september i adopted 2 adult border terrier mixes from the shelter pet project and the oldest girl had a few breath issues  heard about greenies and have not been disappointed  the two of them love their treat before i go to work and it is comical to see them chew and chew and chew since that is what removes the tartar amazon has much better pricing then the pet centers so i love it  try them for your pet they will love it
43,4,my yorkie loves them!,this is the first time i bought this product for my 9 yr old yorkie and she loved it  the small size is perfect for her  this box of greenies will give her many days of enjoyment,this is the first time i bought this product for my 9 yr old yorkie and she loved it  the small size is perfect for her  this box of greenies will give her many days of enjoyment
44,5,puppies love them!,these tinnie greenies make the perfect out the door bribe for my cavlier king charles babies i think they almost look forward to me going to work now  barkley is 21 lbs  gypsy is 18 so while they are a bit larger than the recommended size for the product it really works out perfectly helping keep the pounds offbr br having shopped around you are saving about ten dollars by ordering from amazon rather than going into a big box pet store,these tinnie greenies make the perfect out the door bribe for my cavlier king charles babies i think they almost look forward to me going to work now  barkley is 21 lbs  gypsy is 18 so while they are a bit larger than the recommended size for the product it really works out perfectly helping keep the pounds offbr br having shopped around you are saving about ten dollars by ordering from amazon rather than going into a big box pet store
45,5,my dog says yummmmm,my chihuahua has horrible horrible breath and she loves to get in your face and give kisses to everyone these help and she loves to eat them good thing she cant reach the counter,my chihuahua has horrible horrible breath and she loves to get in your face and give kisses to everyone these help and she loves to eat them good thing she cant reach the counter
46,4,good,my dog likes thse alothe runs to his bedroom to eat them which is reserved for just his special treatscant say his breath is any better but he just started eating them a month agoor so,my dog likes thse alothe runs to his bedroom to eat them which is reserved for just his special treatscant say his breath is any better but he just started eating them a month agoor so
47,3,jumbo greenies-good but very expensive,bought the jumbo greenies for my black lab he loved them but at 266 each they are way too expensive for regular use  didnt notice any difference in breath which was the primary reason for buying,bought the jumbo greenies for my black lab he loved them but at 266 each they are way too expensive for regular use  didnt notice any difference in breath which was the primary reason for buying
48,4,dogs liked 'em!,our two thirteen year dogs like these  theyre prone to major tartar build up on their teeth and these helped some and made their breath better  i never expected these to polish the teeth perfectly but they made a bad condition not so bad,our two thirteen year dogs like these  theyre prone to major tartar build up on their teeth and these helped some and made their breath better  i never expected these to polish the teeth perfectly but they made a bad condition not so bad
49,5,cleaner dog mouth,this is a good product my dog likes them makes it obvious he wants his greenie every night amazon sells them at good price and quality has always been good,this is a good product my dog likes them makes it obvious he wants his greenie every night amazon sells them at good price and quality has always been good
50,5,a treat that is good for the teeth,i have a two year old chihuahua mixmy vet shared with me that i would have to be vigilant about the health of my pups teethgreenies help keep my dogs teeth clean and his breath fresh and best of all my pups loves them above all other treats,i have a two year old chihuahua mixmy vet shared with me that i would have to be vigilant about the health of my pups teethgreenies help keep my dogs teeth clean and his breath fresh and best of all my pups loves them above all other treats
51,5,my dog loves them,great product  my dog loves the bones and they come in a ziplock bag inside the box  just like the ones at the store and much cheaper at amazon,great product  my dog loves the bones and they come in a ziplock bag inside the box  just like the ones at the store and much cheaper at amazon
52,5,our dogs love them,our chussels love these toothbrush treats when i ask them if they want to brush their teeth they jump a mile high to get them it dosent help their breath to to much but i know its keeping their teeth clean also these are a little on the expensive side almost everywhere amazon has the best price thanks amazon,our chussels love these toothbrush treats when i ask them if they want to brush their teeth they jump a mile high to get them it dosent help their breath to to much but i know its keeping their teeth clean also these are a little on the expensive side almost everywhere amazon has the best price thanks amazon
53,5,excellent product!,i have two 6 month old dobemans who asked me to rate greenies 6 out of five it is yet to be seen how it will improve their dental health but as far as their excitement about this particular treat  it is the best no doubt,i have two 6 month old dobemans who asked me to rate greenies 6 out of five it is yet to be seen how it will improve their dental health but as far as their excitement about this particular treat  it is the best no doubt
54,5,love it!!,great product it was exactly what i wanted  i ordered the medium size because my shi tzu loves greenies so much good deal for the price considered how expensive they are at petco,great product it was exactly what i wanted  i ordered the medium size because my shi tzu loves greenies so much good deal for the price considered how expensive they are at petco
55,5,great product,had been buying greenies at the pet store for the past 7 years best price on sale was 3299 these are a great value,had been buying greenies at the pet store for the past 7 years best price on sale was 3299 these are a great value
56,5,greenies senior,great service great product our dogs love them  great for their teeth and it keeps them from eating grass if they have one first thing in the morning,great service great product our dogs love them  great for their teeth and it keeps them from eating grass if they have one first thing in the morning
57,5,oliver's must have greenies,my little oliver loves his greenieshe gets 1 everymorning thanks to such a good buy we are sure to have them every day,my little oliver loves his greenieshe gets 1 everymorning thanks to such a good buy we are sure to have them every day
58,5,what my dogs have to say . . .,anytime i shout out mr greenie four dogs come running ages 12 to 2 my dogs love them and they do seem to help with breath and tarter amazon has the absolute best prices,anytime i shout out mr greenie four dogs come running ages 12 to 2 my dogs love them and they do seem to help with breath and tarter amazon has the absolute best prices
59,5,wonderful service and product,this is a wonderful product that my dog really loves  there is only one thing to make this product better  30 chews in the box so we would have one for every day of the month,this is a wonderful product that my dog really loves  there is only one thing to make this product better  30 chews in the box so we would have one for every day of the month
60,5,simply the best,greenies are my pups number one favorite treat  he loves them and they help keep his teeth clean i reccomend these to anyone who wants to spoil their pet,greenies are my pups number one favorite treat  he loves them and they help keep his teeth clean i reccomend these to anyone who wants to spoil their pet
61,5,my dog loves greenies,these are a great size for an evening snack  my dog loves them and insists on having one or two every night,these are a great size for an evening snack  my dog loves them and insists on having one or two every night
62,5,greenies,we are very pleased with our purchase of greenies  the price was grteat compared with the pet stores and the service was excellent  our dog is even more pleased than we are  he loves them,we are very pleased with our purchase of greenies  the price was grteat compared with the pet stores and the service was excellent  our dog is even more pleased than we are  he loves them
63,5,"an 'attention getter' for our ""hotdog""",our mini dachshund loves these limited to 1 a day one of the few treats that he has not tired of also his breath has been noticeably fresher since he has been having these so far best price on amazon the local pet food chains sale prices has not yet come close to the regular price of these 96 count teenie packs cant vouch on the benefit of nutritional value of these but the vet says our mini is in great shape right where he is suppose to be,our mini dachshund loves these limited to 1 a day one of the few treats that he has not tired of also his breath has been noticeably fresher since he has been having these so far best price on amazon the local pet food chains sale prices has not yet come close to the regular price of these 96 count teenie packs cant vouch on the benefit of nutritional value of these but the vet says our mini is in great shape right where he is suppose to be
64,5,my dogs like it,not only my logs like these snacks me too because their mouth isnt stinky anymore  i will keep on buying it because of that reason dog lovers you will like this product,not only my logs like these snacks me too because their mouth isnt stinky anymore  i will keep on buying it because of that reason dog lovers you will like this product
65,4,last bag had 1 big greenie ball,ive been using this product for almost 2 years and my dogs seem to like it  however last boxbag had all 96 greenies stuck together in a huge ball  maybe it was the heat or maybe something happened during packaging  either case i have to pull off 1 at a time when it comes to snack time,ive been using this product for almost 2 years and my dogs seem to like it  however last boxbag had all 96 greenies stuck together in a huge ball  maybe it was the heat or maybe something happened during packaging  either case i have to pull off 1 at a time when it comes to snack time
66,5,piccolo loves these,my little papillon piccolo absolutely loves these i no longer have to try to brush his teeth every evening and he smells delicious when i kiss him good night ill be getting these from you for as log as we both may livebr br thank you amazon,my little papillon piccolo absolutely loves these i no longer have to try to brush his teeth every evening and he smells delicious when i kiss him good night ill be getting these from you for as log as we both may livebr br thank you amazon
67,5,my dogs love them! and good for them!,theyre a great product and automated delivery at great prices cant be beat  my dogs go crazy when it comes to greenie time at night  no matter how many nights we do the same thing they are always over the top for greenies,theyre a great product and automated delivery at great prices cant be beat  my dogs go crazy when it comes to greenie time at night  no matter how many nights we do the same thing they are always over the top for greenies
68,5,my boys love greenies!!!,i have 2 small dogs and one really small dog  they all get one greenie a day  they love their greenies1 i love that the greenies help to keep their mouths fresh and clean they are adorable and are shaped like a mini toothbrush,i have 2 small dogs and one really small dog  they all get one greenie a day  they love their greenies1 i love that the greenies help to keep their mouths fresh and clean they are adorable and are shaped like a mini toothbrush
69,5,reorder of greenies,greenies are given to both of my westies and they expect one a day when they complete their morning routine  best treat ever,greenies are given to both of my westies and they expect one a day when they complete their morning routine  best treat ever
70,5,love my litttle dogs,my little ones love their teenie greenies it is so easy to order them from amazon greenies are recomendid by my vet to help keep my dachshunds teeth clean and healthy,my little ones love their teenie greenies it is so easy to order them from amazon greenies are recomendid by my vet to help keep my dachshunds teeth clean and healthy
71,5,my dogs love them!,did some research because my dogs have bad breath and dirty teeth i have tried brushing their teeth with doggie toothpaste and have bought all kinds of chewy treats but nothing worked so i bought these and gave each dog a treat every morning  not only does their breath smell better but their teeth look cleaner as well i quickly bought a second box the dogs seem to enjoy the taste and they are made so that the dog cant just gulp them down  they have to chew them  i would highly recommend these treats,did some research because my dogs have bad breath and dirty teeth i have tried brushing their teeth with doggie toothpaste and have bought all kinds of chewy treats but nothing worked so i bought these and gave each dog a treat every morning  not only does their breath smell better but their teeth look cleaner as well i quickly bought a second box the dogs seem to enjoy the taste and they are made so that the dog cant just gulp them down  they have to chew them  i would highly recommend these treats
72,5,dog loves!,my dog loves these treats and they are lite too  i have been buying them for the last 5 years,my dog loves these treats and they are lite too  i have been buying them for the last 5 years
73,3,good for breath,these bones are great for a dogs breath however i was looking for something that would take him more than a minute to chew still a good treat for doggy breath,these bones are great for a dogs breath however i was looking for something that would take him more than a minute to chew still a good treat for doggy breath
74,5,why do they increase the price each month on the product?,i have subsribed to the monthly shipment of greenies 27 oz canister teenie 96 count product and each month the price increases  if i sign up today the price drops to 1994  why the increase  seems like they lock you in for a scheduled order and then take advantage of you hoping that you wont notice the price increasesbr br the product is great and my dogs love them but the business practice of the price hikes is terrible,i have subsribed to the monthly shipment of greenies 27 oz canister teenie 96 count product and each month the price increases  if i sign up today the price drops to 1994  why the increase  seems like they lock you in for a scheduled order and then take advantage of you hoping that you wont notice the price increasesbr br the product is great and my dogs love them but the business practice of the price hikes is terrible
75,5,my puppy loves these,einstein our puppy loves the greenies  he gets one at night before bed as a bribe for going into his kennel  works wonders  since he gets one every night we go through the greenies fairly quickly  i like the larger size and was actually cheaper per piecea hrefhttpwwwamazoncomgpproductb001g96uk8greenies 27 oz canister teenie 96 counta,einstein our puppy loves the greenies  he gets one at night before bed as a bribe for going into his kennel  works wonders  since he gets one every night we go through the greenies fairly quickly  i like the larger size and was actually cheaper per piecea hrefhttpwwwamazoncomgpproductb001g96uk8greenies 27 oz canister teenie 96 counta
76,4,a noticeable difference in dental health,ive only given greenies four stars because theyre pretty costly at one greenie per day and we have two dogs  that said we stopped giving our dogs greenies for a period of time and there was a significant amount of browncolored build up around the base of our dogs teeth  we started giving them greenies again and within a short period of time the buildup was gone in most areas and overall greatly reduced  i realize that we could brush our dogs teeth in order to avoid the cost but neither of us wants to take on this chore plus the dogs love greeniesbr br i used to buy this product at petsmart but theyre much less expensive on amazon,ive only given greenies four stars because theyre pretty costly at one greenie per day and we have two dogs  that said we stopped giving our dogs greenies for a period of time and there was a significant amount of browncolored build up around the base of our dogs teeth  we started giving them greenies again and within a short period of time the buildup was gone in most areas and overall greatly reduced  i realize that we could brush our dogs teeth in order to avoid the cost but neither of us wants to take on this chore plus the dogs love greeniesbr br i used to buy this product at petsmart but theyre much less expensive on amazon
77,5,my vet suggested this.,my two dogs love these  now as to do they work  i honestly do not know  both of my dogs are right now at what my vet calls stage two on dental health  stage four is the worst on his scale  i am going to monitor and see if just maybe they will either still be a stage two in a year or maybe better  if they maintain at stage two i would love it  teeth cleaning on dogs is very expensive so if this product works it will save me big bucks  heres hoping  i will come back and update this after their next check up which should be around august of 2013,my two dogs love these  now as to do they work  i honestly do not know  both of my dogs are right now at what my vet calls stage two on dental health  stage four is the worst on his scale  i am going to monitor and see if just maybe they will either still be a stage two in a year or maybe better  if they maintain at stage two i would love it  teeth cleaning on dogs is very expensive so if this product works it will save me big bucks  heres hoping  i will come back and update this after their next check up which should be around august of 2013
78,5,very pleased,nothing negative to say about this buying experience  my dog loves greenies and this was a better price than what i have seen elsewhere  treats like this along with regular dental care brushing her teeth and getting her teeth professionally cleaned by a vet means that my dogs breath is nice and she is healthier  my dog is 7kgs around 15 lbsand this is a perfect size for her  the packaging keeps these treats fresh  inside the box is an airtight resealable bag,nothing negative to say about this buying experience  my dog loves greenies and this was a better price than what i have seen elsewhere  treats like this along with regular dental care brushing her teeth and getting her teeth professionally cleaned by a vet means that my dogs breath is nice and she is healthier  my dog is 7kgs around 15 lbsand this is a perfect size for her  the packaging keeps these treats fresh  inside the box is an airtight resealable bag
79,5,greenies,my dog looks forward everyday to getting his greenies  it is a great toothbrush and keeps him from having too much tarter on his teeth,my dog looks forward everyday to getting his greenies  it is a great toothbrush and keeps him from having too much tarter on his teeth
80,5,dogs love em!,i am always concerned with my dogs oral health i have found that my dogs love the greenies and they do a good job of helping to keep the tarter build up off their teeth i have one dog that is very particular about his treats and what he will chew on but he loves the greenies in fact my dogs will do most anything i ask so long as they know they get a greenie afterwards,i am always concerned with my dogs oral health i have found that my dogs love the greenies and they do a good job of helping to keep the tarter build up off their teeth i have one dog that is very particular about his treats and what he will chew on but he loves the greenies in fact my dogs will do most anything i ask so long as they know they get a greenie afterwards
81,5,instead of brushing~,always had trouble trying to brush my dogs teeth thought i would try the greenies petite 16 lb cockapoo they are plenty big enough she has one everyday loves them and her teeth are looking very healthy no tartar build up definitely recommend them,always had trouble trying to brush my dogs teeth thought i would try the greenies petite 16 lb cockapoo they are plenty big enough she has one everyday loves them and her teeth are looking very healthy no tartar build up definitely recommend them
82,5,highly recomended,my dog love it and shes a very very picky eater even with treats so this product must have a great flavor,my dog love it and shes a very very picky eater even with treats so this product must have a great flavor
83,5,my dogs love greenies,both of my small breed dogs love their greenies treat and i like that it is good for their dental health,both of my small breed dogs love their greenies treat and i like that it is good for their dental health
84,4,catnip for dogs?,my german shepherd goes crazy for these things i have no idea why he likes them so much his breath is always pretty good so i guess these work well good deal for the scheduled delivery option,my german shepherd goes crazy for these things i have no idea why he likes them so much his breath is always pretty good so i guess these work well good deal for the scheduled delivery option
85,4,freshens breath,i have a now 6 month old miniature daschund puppy i bought these for her about two months ago when i started to be a little bothered by her breath shes a kisser i bought them from amazon because they were so much cheaper then at the local pet storebr at first she had no interest in them i was a little annoyed having bought a box of 96 that was still expensive for dog treats even with the discount she either would ignore it no matter how many times i tried reintroducing it or take a bite then leave it it took a few weeks and several tries but now she loves them and eats them as soon as i give it to her i give her at most one a day but usually one every two or three days it hasnt upset her stomach or anything like that the package says they arent suitable for dogs under 6 months of age but i stared giving them to her at about 4 months and there were no problems she has clean healthy teeth but i dont think she wouldnt if i stopped giving her these they do work in freshening her breath however we have a 3 year old golden retriever in the house who eats these sometimes too and has loved them since the day they came i guess it just depends on the dog even though theyre not the correct size for him hes never choked and i dont think its a problem to buy the smaller size for a larger dog id definitely recommend these if you want your dogs breath freshened,i have a now 6 month old miniature daschund puppy i bought these for her about two months ago when i started to be a little bothered by her breath shes a kisser i bought them from amazon because they were so much cheaper then at the local pet storebr at first she had no interest in them i was a little annoyed having bought a box of 96 that was still expensive for dog treats even with the discount she either would ignore it no matter how many times i tried reintroducing it or take a bite then leave it it took a few weeks and several tries but now she loves them and eats them as soon as i give it to her i give her at most one a day but usually one every two or three days it hasnt upset her stomach or anything like that the package says they arent suitable for dogs under 6 months of age but i stared giving them to her at about 4 months and there were no problems she has clean healthy teeth but i dont think she wouldnt if i stopped giving her these they do work in freshening her breath however we have a 3 year old golden retriever in the house who eats these sometimes too and has loved them since the day they came i guess it just depends on the dog even though theyre not the correct size for him hes never choked and i dont think its a problem to buy the smaller size for a larger dog id definitely recommend these if you want your dogs breath freshened
86,5,"jumbo dog, jumbo greenies",we have been feeding these to our do since he became an adult dog  we feed him the jumbo size greenies hes 125 pounds and devours them in seconds  we order them from amazon because we can rarely find the jumbo size greenie canisters in stores  our dogs teeth seem to be in really good condition  we have never had any problems with him eating them or with his digestion  we always give him one when we are around to watch and hes never had any issues,we have been feeding these to our do since he became an adult dog  we feed him the jumbo size greenies hes 125 pounds and devours them in seconds  we order them from amazon because we can rarely find the jumbo size greenie canisters in stores  our dogs teeth seem to be in really good condition  we have never had any problems with him eating them or with his digestion  we always give him one when we are around to watch and hes never had any issues
87,5,like going to the dentist,i bought these for my 9 yr old dog because the vet said she had stage 4 dental disease and we really couldnt afford the 300 price of teeth cleaning for her i decided to give her one greenie everyday and see if it improved her teeth and gums i have been giving her one a day for almost two months and her back teeth look so much better i am very happy with this little experiment and she is too she reminds me every night when its time for her greenie treat she still has a slight issue with one of her front teeth but i think its because she mainly chews the greenies on her back teeth such a great item much cheaper on amazon than at the pet store,i bought these for my 9 yr old dog because the vet said she had stage 4 dental disease and we really couldnt afford the 300 price of teeth cleaning for her i decided to give her one greenie everyday and see if it improved her teeth and gums i have been giving her one a day for almost two months and her back teeth look so much better i am very happy with this little experiment and she is too she reminds me every night when its time for her greenie treat she still has a slight issue with one of her front teeth but i think its because she mainly chews the greenies on her back teeth such a great item much cheaper on amazon than at the pet store
88,5,good for older dogs as well for younger,i have a 10yr old boxer and she has worn much of her teeth down some what  she loves these and they help her breath and clean her teeth  if she likes them then mom likes them,i have a 10yr old boxer and she has worn much of her teeth down some what  she loves these and they help her breath and clean her teeth  if she likes them then mom likes them
89,5,suscribe to greeniesmy,my boston terrier gets one greenie regular each day to keep teeth clean should i forget its time for her greenie she sits and stares at me until i remember vet says her teeth are in great shape,my boston terrier gets one greenie regular each day to keep teeth clean should i forget its time for her greenie she sits and stares at me until i remember vet says her teeth are in great shape
90,5,patches loves these!,patches loves these and will put up with teeth brushing since he knows hell get a greenie at the end of it,patches loves these and will put up with teeth brushing since he knows hell get a greenie at the end of it
91,5,great green snack,my dog loves them and so does our vet  our yorkie likes to eat unhealthy things but shys away from healthy ones  the lone exception are greenies,my dog loves them and so does our vet  our yorkie likes to eat unhealthy things but shys away from healthy ones  the lone exception are greenies
92,5,greenies-teenie 96 pack,my dog loves these snacks  i have a smaller rat terrier mix dog she loves these even more than cherrios  they come in a canister which is flimsy but i threw it away as they are also in a resealable bag they should last a fairly long time as i dont give them to her daily only for special treats and after she takes any medicines,my dog loves these snacks  i have a smaller rat terrier mix dog she loves these even more than cherrios  they come in a canister which is flimsy but i threw it away as they are also in a resealable bag they should last a fairly long time as i dont give them to her daily only for special treats and after she takes any medicines
93,5,teeny greenies,i have been buying 96count containers of teeny greenies from amazon for a couple of years  they are always fresh and arrive promptly my yorkies look forward to one before bedtime each evening  i dont know if they really help plaque  they do freshen breath and have some nutrition  thanks to amazon prices my dogs have this little luxury,i have been buying 96count containers of teeny greenies from amazon for a couple of years  they are always fresh and arrive promptly my yorkies look forward to one before bedtime each evening  i dont know if they really help plaque  they do freshen breath and have some nutrition  thanks to amazon prices my dogs have this little luxury
94,5,for great doggie breath,we have two shelties and their breath improved almost immediately with this product  one of our dogs has a problem digesting another brand but neither dog had a problem with the greenies  highly recommend,we have two shelties and their breath improved almost immediately with this product  one of our dogs has a problem digesting another brand but neither dog had a problem with the greenies  highly recommend
95,5,my dog will kill for a greenie!,ever since i introduced my dog to greenies she just loved them they are her favorite treats and they are good for her too she weighs about 15 pounds and i give her one each morning after her walk i purchase the 27 oz canister teenie size 96 count,ever since i introduced my dog to greenies she just loved them they are her favorite treats and they are good for her too she weighs about 15 pounds and i give her one each morning after her walk i purchase the 27 oz canister teenie size 96 count
96,5,dogs love greenies,this is a great treat for my dogs ive been buying them for 12 years and they never turn it down,this is a great treat for my dogs ive been buying them for 12 years and they never turn it down
97,5,my dogs love these,these are given to my 2 rescue dogs at the end of the day  they know when it is time to go out for the last time at night and sit and wait for their greenie  all we have to say is do you want to brush your teeth and they go nuts  they love them and their teeth are in great shape,these are given to my 2 rescue dogs at the end of the day  they know when it is time to go out for the last time at night and sit and wait for their greenie  all we have to say is do you want to brush your teeth and they go nuts  they love them and their teeth are in great shape
98,5,love them,my dog loves these i also bought them way cheaper than the pet store next time its offered for the price i paid i will buy a few boxes again,my dog loves these i also bought them way cheaper than the pet store next time its offered for the price i paid i will buy a few boxes again
99,4,not bad,so far so good my dog seems to love this things they do stink when you open the box so beware i dont know how well they preventing the plaque from building up on his teeth only time will tell 4stars based on potential good it will do for my dog and the fact that he loves them you do get alot to last you for 96 days bc it only says to give one a day so i think that will be adequate time to fully evaluate ill update when that time comes but for now its worth giving it a shot,so far so good my dog seems to love this things they do stink when you open the box so beware i dont know how well they preventing the plaque from building up on his teeth only time will tell 4stars based on potential good it will do for my dog and the fact that he loves them you do get alot to last you for 96 days bc it only says to give one a day so i think that will be adequate time to fully evaluate ill update when that time comes but for now its worth giving it a shot
100,5,our dogs love these and we do too!,i have been feeding our dogs greenie bones since they first came out and we have never had a problem  i have german shepards dobermans and medium sized hound dogs  they all love their gbs and i find that because our dobie tends to be a garbage belly meaning shell eat anything so sometimes she doesnt smell as nice as she should really benefits from the green in greenie bones  i would like to know where e antic gets hisher information fromas i can find nothing that says they are deadly except for those people that havent done responsible research not just hearsay from some list  if your dogs are gulpers or greedy chewers then i wouldnt feed them anything especially rawhide that could be gulped and swallowed in large pieces or whole  do we need to bring up nylabones  always be a responsible dog owner and supervise your dogs when giving any kind of treats  please dont be afraid of greenie bones because of e antics post  you can buy greenies in singles so try one before you commit to a whole box  i have friends that have dogs that dont really like them and thats okay  my girls live for their morning gbs and i now give them greenie smart biscuits for an afternoon snack  they love the taste and we love them for the benefitsbr br i respectfully request that amazon and amazon members make up their own minds and not fall to the fear mongers and ignorance amoung us  always supervise your dogs when giving treats  after all they are the animals and we are supposed to be the smart onesdont be afraid do your homework it always pays,i have been feeding our dogs greenie bones since they first came out and we have never had a problem  i have german shepards dobermans and medium sized hound dogs  they all love their gbs and i find that because our dobie tends to be a garbage belly meaning shell eat anything so sometimes she doesnt smell as nice as she should really benefits from the green in greenie bones  i would like to know where e antic gets hisher information fromas i can find nothing that says they are deadly except for those people that havent done responsible research not just hearsay from some list  if your dogs are gulpers or greedy chewers then i wouldnt feed them anything especially rawhide that could be gulped and swallowed in large pieces or whole  do we need to bring up nylabones  always be a responsible dog owner and supervise your dogs when giving any kind of treats  please dont be afraid of greenie bones because of e antics post  you can buy greenies in singles so try one before you commit to a whole box  i have friends that have dogs that dont really like them and thats okay  my girls live for their morning gbs and i now give them greenie smart biscuits for an afternoon snack  they love the taste and we love them for the benefitsbr br i respectfully request that amazon and amazon members make up their own minds and not fall to the fear mongers and ignorance amoung us  always supervise your dogs when giving treats  after all they are the animals and we are supposed to be the smart onesdont be afraid do your homework it always pays
101,5,my lil' beast is crazy for greenies!!,i still worry about the rumored threat to dogs from these treats but they have changed the formula so i am assuming all is well with them  and i am assuming since they are front and center in most pet places that they are safe  and my italian greyhound is obsessed with them  they make her usually hideous breath smell fresh and clean and have really made a difference in the cleanliness of her teeth  i always make sure to watch her while shes eating it not only for her safety but because it is freaking adorable to watch her chew on it  just a tip these are cheaper from entirelypets from amazon  httpwwwamazoncomgreeniesdentalchewsounceteeniedpb001cwec2wrefsr11ieutf8shomegardenqid1266273814sr81,i still worry about the rumored threat to dogs from these treats but they have changed the formula so i am assuming all is well with them  and i am assuming since they are front and center in most pet places that they are safe  and my italian greyhound is obsessed with them  they make her usually hideous breath smell fresh and clean and have really made a difference in the cleanliness of her teeth  i always make sure to watch her while shes eating it not only for her safety but because it is freaking adorable to watch her chew on it  just a tip these are cheaper from entirelypets from amazon  httpwwwamazoncomgreeniesdentalchewsounceteeniedpb001cwec2wrefsr11ieutf8shomegardenqid1266273814sr81
102,5,my dog's favorite- and amazon's the place to get them!,my german shepherd is a complete greenie addict  she knows when theyre in the house  she knows which cupboard theyre kept in  she knows what time of day shes supposed to get hers  her vet compliments her on her pretty white teeth although some of that credit definitely has to go to the fact that my husband and i brush her teeth with one of those fingertoothbrushes and kiddie toothpaste no fluoride so safe if she swallows it but i do know my dog chews a greenie at least enough to get pieces between her teeth and at four years old she doesnt have the kind of doggie breath that knocks you over if she breathes in your face  i do believe that some of the ingredients in greenies help breath from within so even if your dog inhales his or her greenie theres still some benefitbr br my only complaint about greenies is that theyre expensive  theres no denying that  if you do the math on this tub of 17 were talking about a dollar and fortyseven cents apiece  so i can see why that might stop some people in their tracks and i understand  as for my dog shes on a limited diet because shes allergic to a lot of things that are standard ingredients in a lot of dog food and dog treats  i feel like ive been a little bit trained myself not to bat an eye at this price and she definitely makes me at least a dollar and a halfs worth of happy every daybr br if youre looking at the greenies in the 17piece tub considering them for purchase though im guessing your canine is also a greenie addict like mine  youre going to buy them anyway and if you get the free shipping amazons the place to get them,my german shepherd is a complete greenie addict  she knows when theyre in the house  she knows which cupboard theyre kept in  she knows what time of day shes supposed to get hers  her vet compliments her on her pretty white teeth although some of that credit definitely has to go to the fact that my husband and i brush her teeth with one of those fingertoothbrushes and kiddie toothpaste no fluoride so safe if she swallows it but i do know my dog chews a greenie at least enough to get pieces between her teeth and at four years old she doesnt have the kind of doggie breath that knocks you over if she breathes in your face  i do believe that some of the ingredients in greenies help breath from within so even if your dog inhales his or her greenie theres still some benefitbr br my only complaint about greenies is that theyre expensive  theres no denying that  if you do the math on this tub of 17 were talking about a dollar and fortyseven cents apiece  so i can see why that might stop some people in their tracks and i understand  as for my dog shes on a limited diet because shes allergic to a lot of things that are standard ingredients in a lot of dog food and dog treats  i feel like ive been a little bit trained myself not to bat an eye at this price and she definitely makes me at least a dollar and a halfs worth of happy every daybr br if youre looking at the greenies in the 17piece tub considering them for purchase though im guessing your canine is also a greenie addict like mine  youre going to buy them anyway and if you get the free shipping amazons the place to get them
103,5,greenies - catnip for dogs,i have been using greenies for years including the older formula that reportedly had digestion problems however we never have had any problems with greenies just make sure you get the appropriate size for your dog i have never seen a dog that could resist a greenie they will start doing tricks never seen before once you bring them into the house they do help with their breath teeth cleaning and training and we normally use them as well earned treats they arent the cheapest thing in the treat world i just ordered 4 27 oz tubs of the teenies we have papillons and i know our dogs will enjoy every one of them never have to worry about our dogs getting fat eating these as we do not give them multiple times a day the new formula reportedly has solved the digestibility problem and the manufacturer claims is now more digestible than normal dog food in the original formula the problem usually involved incidents when dogs just tried to swallow them whole or get it down in 2 bites our dogs always chewed them into small pieces avoiding any problems believe me your dogs will love them,i have been using greenies for years including the older formula that reportedly had digestion problems however we never have had any problems with greenies just make sure you get the appropriate size for your dog i have never seen a dog that could resist a greenie they will start doing tricks never seen before once you bring them into the house they do help with their breath teeth cleaning and training and we normally use them as well earned treats they arent the cheapest thing in the treat world i just ordered 4 27 oz tubs of the teenies we have papillons and i know our dogs will enjoy every one of them never have to worry about our dogs getting fat eating these as we do not give them multiple times a day the new formula reportedly has solved the digestibility problem and the manufacturer claims is now more digestible than normal dog food in the original formula the problem usually involved incidents when dogs just tried to swallow them whole or get it down in 2 bites our dogs always chewed them into small pieces avoiding any problems believe me your dogs will love them
104,5,such great treats!,i give these to my dog to help with her minor tartar problems she loves them and they definitely do the jobbr br one of my favorite things about them is that they are sturdy and coated enough that i can freeze themi put one in a small plastic bag snack bag folded in half full of water and freeze it for a few hours then my dog has to lick and crunch up the ice to get to the treat which keeps her busy and gets her more fluids most dog treats tend to dissolve and become mushy when you do this with them but these guys definitely hold up,i give these to my dog to help with her minor tartar problems she loves them and they definitely do the jobbr br one of my favorite things about them is that they are sturdy and coated enough that i can freeze themi put one in a small plastic bag snack bag folded in half full of water and freeze it for a few hours then my dog has to lick and crunch up the ice to get to the treat which keeps her busy and gets her more fluids most dog treats tend to dissolve and become mushy when you do this with them but these guys definitely hold up
105,4,"these seem so expensive, but they work!",my dogs the 1st day i tried these didnt really seem to like them now they practically climb up me to get to them my older dog was having trouble with tarter and bad breathe  after 2 weeks of using the treats her teeth looked a lot better and the nasty odor was gone  the reason for the 4 stars is because of the expense which for me is times 2,my dogs the 1st day i tried these didnt really seem to like them now they practically climb up me to get to them my older dog was having trouble with tarter and bad breathe  after 2 weeks of using the treats her teeth looked a lot better and the nasty odor was gone  the reason for the 4 stars is because of the expense which for me is times 2
106,5,it's like crack for dogs...,first some historybr our dog cant chew rawhide bones  she has a habit of breaking off pieces  swallowing them whole  we have had problems with blockages  constipation as a result  everytime she has received a rawhidebr br we have a 13 yr old beagle which was introduced to greenies about 2 yrs ago  we were given a couple of the large ones from a friend to try  through carelessness on our part our dog destroyed both large treats within 15 minutes  when we found her we were scared figuring she would die from swallowing this large plasticky looking treat  we quickly did some web searches  found out that the newer formula is supposed to dissolve rather easily with water  after making sure she drank a good amount of water we monitored her activity  in the end she had no problems  we were able to find a treat that is more chewable than your biscuit type treats but safer than rawhide at least for her  we have tried many different treats  toys but have never had the type of response that we get from giving her a greenie  it seriously is like crack for dogs,first some historybr our dog cant chew rawhide bones  she has a habit of breaking off pieces  swallowing them whole  we have had problems with blockages  constipation as a result  everytime she has received a rawhidebr br we have a 13 yr old beagle which was introduced to greenies about 2 yrs ago  we were given a couple of the large ones from a friend to try  through carelessness on our part our dog destroyed both large treats within 15 minutes  when we found her we were scared figuring she would die from swallowing this large plasticky looking treat  we quickly did some web searches  found out that the newer formula is supposed to dissolve rather easily with water  after making sure she drank a good amount of water we monitored her activity  in the end she had no problems  we were able to find a treat that is more chewable than your biscuit type treats but safer than rawhide at least for her  we have tried many different treats  toys but have never had the type of response that we get from giving her a greenie  it seriously is like crack for dogs
107,5,dogs love greenies!,my dogs love them and they really help in freshening my dogs breaths this is the most costefficient pack i could find,my dogs love them and they really help in freshening my dogs breaths this is the most costefficient pack i could find
108,5,treats for pepper,we have been buying greenies for pepper for about 4 years  he has a very sensitive stomach and can only have boiled chicken and canned and dry prescription diet idbr i brush his teeth every night and afterwards he gets a greenie  he loves them and i love that they dont upset his stomachbr our vet said they should be ok for pepper  and they are  paying about 4000 elsewhere im really happy to find them on amazoncom for a little over half of that  pepper is happy and im happy,we have been buying greenies for pepper for about 4 years  he has a very sensitive stomach and can only have boiled chicken and canned and dry prescription diet idbr i brush his teeth every night and afterwards he gets a greenie  he loves them and i love that they dont upset his stomachbr our vet said they should be ok for pepper  and they are  paying about 4000 elsewhere im really happy to find them on amazoncom for a little over half of that  pepper is happy and im happy
109,5,addictive to dogs,its got something in there that is like crack for dogs i buy the largest size i can find i like them better than rawhide for what they do rawhide strips or bones when the dog gets down to that last part are slimy unswallowable messes that ive had to reach in and remove from the dogs throat nylabones edibles gave the dog the runs pressed rawhide chunks did the same greenies dont affect his digestion at all and hes crazy about them he has destroyed a kong or two in his timebr br i dont know how much is due to his genes or to the greenies but my 12 year old dog has better teeth than many 5 year oldsbr br like any other edible chew treat however dont leave your dog unattended until hes finished it,its got something in there that is like crack for dogs i buy the largest size i can find i like them better than rawhide for what they do rawhide strips or bones when the dog gets down to that last part are slimy unswallowable messes that ive had to reach in and remove from the dogs throat nylabones edibles gave the dog the runs pressed rawhide chunks did the same greenies dont affect his digestion at all and hes crazy about them he has destroyed a kong or two in his timebr br i dont know how much is due to his genes or to the greenies but my 12 year old dog has better teeth than many 5 year oldsbr br like any other edible chew treat however dont leave your dog unattended until hes finished it
110,5,great greenies,my dog no longer needs to have his teeth cleaned by the vet since he gets one grenie every day,my dog no longer needs to have his teeth cleaned by the vet since he gets one grenie every day
111,5,greenies,both of my german shepherds love their daily greenies  matty jumps up on my bed at noom every day to remind me to get off my butt and produce her treat,both of my german shepherds love their daily greenies  matty jumps up on my bed at noom every day to remind me to get off my butt and produce her treat
112,5,"excellent deal,very affordable price",since i have three dogs buying treats can get very spendy i am so glad that i shop at amazoncom they offer such great deals for me as wells for my little four legged kids truthfully i have to say that i have been extremely satisfied with all of my purchases  i am grateful that amazon offers such wonderful deals thank you,since i have three dogs buying treats can get very spendy i am so glad that i shop at amazoncom they offer such great deals for me as wells for my little four legged kids truthfully i have to say that i have been extremely satisfied with all of my purchases  i am grateful that amazon offers such wonderful deals thank you
113,5,very good,my dog love it very much the fist thing that she wake up in the morning is eat the greenies,my dog love it very much the fist thing that she wake up in the morning is eat the greenies
114,5,breath chews are awesome although vets say hooey,these treats for small dogs are 1 on my dogs list of morning must havesbr she has been pestering me to give her a morning teenie chewy every day for manybr months she does not seem to tire of these unlike many treats she has triedbr i have heard that the official word is that these do not really promote good breathbr maybe they just limit the amount of bad breath whatever this box is a threebr month supply so is a reasonably economical way to give my dog something she really likes,these treats for small dogs are 1 on my dogs list of morning must havesbr she has been pestering me to give her a morning teenie chewy every day for manybr months she does not seem to tire of these unlike many treats she has triedbr i have heard that the official word is that these do not really promote good breathbr maybe they just limit the amount of bad breath whatever this box is a threebr month supply so is a reasonably economical way to give my dog something she really likes
115,5,i am not exaggerating...,little lulu my six month old miniature scnauzer developed foul breath it reeked like a dead fish and i couldnt handle her puppy kisses any more  then i saw an ad on tv for a competing product but found these to be a better deal they are worth every pennybr br the teenie greenies arrived yesterday just one solved the problem i gave it to her half expecting her to turn her nose up instead she loved it this morning she greeted me with sloppy kisses and wiggles i instinctively cringed waiting for that fetid smell but there was no smell zilch zip nada,little lulu my six month old miniature scnauzer developed foul breath it reeked like a dead fish and i couldnt handle her puppy kisses any more  then i saw an ad on tv for a competing product but found these to be a better deal they are worth every pennybr br the teenie greenies arrived yesterday just one solved the problem i gave it to her half expecting her to turn her nose up instead she loved it this morning she greeted me with sloppy kisses and wiggles i instinctively cringed waiting for that fetid smell but there was no smell zilch zip nada
116,5,teenie greenie,dogs love greenies awesome product super price item was shipped very rapidly great packaging overall wonderful experience all animals are happy,dogs love greenies awesome product super price item was shipped very rapidly great packaging overall wonderful experience all animals are happy
117,5,love it!!!,my dog thinks it is crack he is crazy over these teenie greeinies arived on time and cheeper than the store for sure i would recomend to all,my dog thinks it is crack he is crazy over these teenie greeinies arived on time and cheeper than the store for sure i would recomend to all
118,5,great chew treat,greenies are the special treat we give our golden retriever and great pyreneegolden retriever mix  greenies are hard enough that our dogs have to chew slowly but not so hard that i feel uncomfortable giving it to them,greenies are the special treat we give our golden retriever and great pyreneegolden retriever mix  greenies are hard enough that our dogs have to chew slowly but not so hard that i feel uncomfortable giving it to them
119,5,my dog loves these!,plain and simple my dog loves these she dances spins  squeaks whenever one is brought out while this makes me happy as well it is important to say that regular feedings of 1 to 2 a week have helped avoid teeth cleanings and extractions over the years too bad they dont have an equivalent for humans,plain and simple my dog loves these she dances spins  squeaks whenever one is brought out while this makes me happy as well it is important to say that regular feedings of 1 to 2 a week have helped avoid teeth cleanings and extractions over the years too bad they dont have an equivalent for humans
120,5,great treats,penny loves it she keeps asking for more and more br i was very glad to know that because its healthy cheap and tasty i definitely will buy more next time,penny loves it she keeps asking for more and more br i was very glad to know that because its healthy cheap and tasty i definitely will buy more next time
121,5,my dog loves them and the vet complimented my dog's teeth,started buying these for my dog and he loves them they are easy on his teeth not too hard etc and my vet complimented that his teeth are in good condition your dog may need teeth cleaning once in awhile its not a substitute but it mitigates the tartar buildup effectively when given daily will buy over and over again,started buying these for my dog and he loves them they are easy on his teeth not too hard etc and my vet complimented that his teeth are in good condition your dog may need teeth cleaning once in awhile its not a substitute but it mitigates the tartar buildup effectively when given daily will buy over and over again
122,5,great treat! not too smelly,for a picky boxer that doesnt like or eat many treats she is addicted to these  they arent very chalky or too smelly and she enjoys the hard but soft enough texture for her big mouthsmall teeth combo   these treats also dont leave any residue on the carpet which is very nice,for a picky boxer that doesnt like or eat many treats she is addicted to these  they arent very chalky or too smelly and she enjoys the hard but soft enough texture for her big mouthsmall teeth combo   these treats also dont leave any residue on the carpet which is very nice
123,5,great deal!,i have 2 small dogs and buying this pack on amazon saved a great deal of money i was worried about them being outdated and dried out but i was wrong i had one myself they were so fresh but for some reason now i have the urge to chase squirrels,i have 2 small dogs and buying this pack on amazon saved a great deal of money i was worried about them being outdated and dried out but i was wrong i had one myself they were so fresh but for some reason now i have the urge to chase squirrels
124,5,the best!,my dog cant eat bully sticks or bones so i have to find other treats  she is also a bit overweight so how can i beat greenies lite treats  the dog loves them and they are good for her teeth  all around a perfect product,my dog cant eat bully sticks or bones so i have to find other treats  she is also a bit overweight so how can i beat greenies lite treats  the dog loves them and they are good for her teeth  all around a perfect product
125,5,chew away!,my dog loves these and it keeps him busy for 5 minutes which is a long time for my chew hound,my dog loves these and it keeps him busy for 5 minutes which is a long time for my chew hound
126,5,great product,my boxer likes these but he doesnt get really excited about them  but if they work as advertised and clean his teeth then they are great,my boxer likes these but he doesnt get really excited about them  but if they work as advertised and clean his teeth then they are great
127,5,the picky boys' favorate,my dogs like this a lot they are willing to do any tricks for this they have it for over three years and still love it,my dogs like this a lot they are willing to do any tricks for this they have it for over three years and still love it
128,5,greenies petite,as with any dog treat you must monitor your pet while consuming but greenies are the best my dogs know exactly when it is greenie time,as with any dog treat you must monitor your pet while consuming but greenies are the best my dogs know exactly when it is greenie time
129,5,greenies are the best,i have a 6 pound toy poodle and she would be very depressed without her daily ration of greenies  she knows that after supper she receives her greenie and she loves them  it is the one thing that i can depend on her eating  since we do feed a lot of soft food the greenie helps clean her teeth  the price on these greenies is very good and they were fresh and came in a timely manner,i have a 6 pound toy poodle and she would be very depressed without her daily ration of greenies  she knows that after supper she receives her greenie and she loves them  it is the one thing that i can depend on her eating  since we do feed a lot of soft food the greenie helps clean her teeth  the price on these greenies is very good and they were fresh and came in a timely manner
130,4,stone,i like greenies my dogs love greenies and greenies are a healthy treat for my pets  i have been buying greenies for four years  i did not know that amazon sold greenien until recently,i like greenies my dogs love greenies and greenies are a healthy treat for my pets  i have been buying greenies for four years  i did not know that amazon sold greenien until recently
131,5,awesome product,these things are awesome  these greenies really clean your dogs teeth very well  when i first opened the container i was a bit skeptical because they smelled pretty bad but after a week of using these  my dogs breath was great and i used to not be able to bear her breath  its a must buy for any pet owner,these things are awesome  these greenies really clean your dogs teeth very well  when i first opened the container i was a bit skeptical because they smelled pretty bad but after a week of using these  my dogs breath was great and i used to not be able to bear her breath  its a must buy for any pet owner
132,5,awesome product,these things are awesome  these greenies really clean your dogs teeth very well  when i first opened the container i was a bit skeptical because they smelled pretty bad but after a week of using these  my dogs breath was great and i used to not be able to bear her breath  its a must buy for any pet owner,these things are awesome  these greenies really clean your dogs teeth very well  when i first opened the container i was a bit skeptical because they smelled pretty bad but after a week of using these  my dogs breath was great and i used to not be able to bear her breath  its a must buy for any pet owner
133,5,doggy chews,if you need to keep your dogs mouth and gums clean and healthy this will easily do the job  my dog looks forward to this treat,if you need to keep your dogs mouth and gums clean and healthy this will easily do the job  my dog looks forward to this treat
134,3,"just okay, nothing else",updates one day one week two weeks one month three months six monthsbr br one daybr br ordered these yesterday and they came in today even with prime twoday shipping  thanks amazon  i gave one to my dachshund a shorthaired 25lb ball of energy and he loved it  hes 10 years old and had typical dog breath  im hoping that giving these to him will not only make his breath less stinky but also and more importantly help out with his teeth  whenever he yawns or opens his mouth wide i can see some plaque on his rear teeth  the vet hasnt said anything bad about that when ive brought it up but he no longer rips on his rope toys like he used to  sure some of his loss of love for tug of war can be attributed to age but i think maybe his teeth are a bit weaker too  ill update this according to the schedule i laid out at the very top and let you know what happens  ive also seen lots of reviews online not about this product but about dog and petfood in general being made out of sub par or even unhealthy materials  ill let you know if my dogs behavior or overall health changes as wellbr br one weekbr br my dog is still loving these things  i feed him in the morning so i like to think these are an evening snack for him  i dont know what exactly the dental chews are made from but im able to bend the little green toothbrushshaped chews into a u and they dont seem to break  perhaps its some kind of gel or gummy chew  his breath seems a little less heavy  his teeth seem to be the same his behavior hasnt changed either other than being extremely excited to get a chew at night  this last bit is important to me because i know some dog treats can be more like dogcrackbr see you in a weekbr br eventuallybr br sorry i didnt keep up to my schedule  i think these things work though not as well as id hoped  my dog still has lots of plaque and buildup on his rear teeth and more disturbingly these things have caused my dog to frequently urinate in my house  i suspect they are making him drink a lot of water which he cant hold in  i walk him three times a day and put him outside two to three more times so theres no issue on my endbr my ultimate conclusion is that these are just ok  they arent damaging to my dogs health but to say they were helpful in improving his dental situation would be giving these too much creditbr my ss shipments have been cancelled and im out looking for a better product,updates one day one week two weeks one month three months six monthsbr br one daybr br ordered these yesterday and they came in today even with prime twoday shipping  thanks amazon  i gave one to my dachshund a shorthaired 25lb ball of energy and he loved it  hes 10 years old and had typical dog breath  im hoping that giving these to him will not only make his breath less stinky but also and more importantly help out with his teeth  whenever he yawns or opens his mouth wide i can see some plaque on his rear teeth  the vet hasnt said anything bad about that when ive brought it up but he no longer rips on his rope toys like he used to  sure some of his loss of love for tug of war can be attributed to age but i think maybe his teeth are a bit weaker too  ill update this according to the schedule i laid out at the very top and let you know what happens  ive also seen lots of reviews online not about this product but about dog and petfood in general being made out of sub par or even unhealthy materials  ill let you know if my dogs behavior or overall health changes as wellbr br one weekbr br my dog is still loving these things  i feed him in the morning so i like to think these are an evening snack for him  i dont know what exactly the dental chews are made from but im able to bend the little green toothbrushshaped chews into a u and they dont seem to break  perhaps its some kind of gel or gummy chew  his breath seems a little less heavy  his teeth seem to be the same his behavior hasnt changed either other than being extremely excited to get a chew at night  this last bit is important to me because i know some dog treats can be more like dogcrackbr see you in a weekbr br eventuallybr br sorry i didnt keep up to my schedule  i think these things work though not as well as id hoped  my dog still has lots of plaque and buildup on his rear teeth and more disturbingly these things have caused my dog to frequently urinate in my house  i suspect they are making him drink a lot of water which he cant hold in  i walk him three times a day and put him outside two to three more times so theres no issue on my endbr my ultimate conclusion is that these are just ok  they arent damaging to my dogs health but to say they were helpful in improving his dental situation would be giving these too much creditbr my ss shipments have been cancelled and im out looking for a better product
135,5,buy the sample size first!,my pekingese loves theseshe is known to be quite a picky eaterso i ordered the sample size called a minitreat pak of the greenies first to see if shed like them i believe the sample size 22 of the teenie size she ended up loving themso i kept the small ziplock pouch the sample size came in i just take about 20 of the greenies at a time from the large 96 chews container and refill the ziplock pouchit also is a great way to bring some greenies along with you when you are traveling with your dogbr a hrefhttpwwwamazoncomgpproductb000jqcjiggreenies treats for dogs 515 lbs27 kgmini treatpakteenie 6 oza,my pekingese loves theseshe is known to be quite a picky eaterso i ordered the sample size called a minitreat pak of the greenies first to see if shed like them i believe the sample size 22 of the teenie size she ended up loving themso i kept the small ziplock pouch the sample size came in i just take about 20 of the greenies at a time from the large 96 chews container and refill the ziplock pouchit also is a great way to bring some greenies along with you when you are traveling with your dogbr a hrefhttpwwwamazoncomgpproductb000jqcjiggreenies treats for dogs 515 lbs27 kgmini treatpakteenie 6 oza
136,5,my dogs love these!!,as soon as my dogs hear that i open the box they come running  they absolutely love these chews dont know what it is but theyre irresistable to my dogs,as soon as my dogs hear that i open the box they come running  they absolutely love these chews dont know what it is but theyre irresistable to my dogs
137,3,"dogs love it, but it caused upset tummies",i have three dogs  they all loved the greenies  one dog does not chew her food but gulps it whole  i had to cut the greenies into smaller portions for her  it does help clean teeth but caused diarrhea  i think ill look for another product for teeth cleaning,i have three dogs  they all loved the greenies  one dog does not chew her food but gulps it whole  i had to cut the greenies into smaller portions for her  it does help clean teeth but caused diarrhea  i think ill look for another product for teeth cleaning
138,4,love 'em!,i buy these directly from amazon because theyre always cheaper than i can find them at local pet stores my dog goes absolutely crazy for the greenies lite id originally started him off on the normal greenies but switched to the lite about a year ago and he loves these just as much i recently had to get the normal greenies because they were out of lite and my dog wouldnt go near them thank goodness i purchased the normal ones at a place where they took returnsbr br i give my guy a few throughout the day as treats so i just bend and twist them in half otherwise my dachshundpekingese mix will demand more and at roughly 30 a box id go broke if i gave him as many as he could eat as long as the box is fresh the greenies will be nice and bendable i have purchased a box on a few occasions where the greenies were rock hardbr br my only complaint is the price i just wish they were a tad lower even still i will keep buying these as theyre my dogs fave treats,i buy these directly from amazon because theyre always cheaper than i can find them at local pet stores my dog goes absolutely crazy for the greenies lite id originally started him off on the normal greenies but switched to the lite about a year ago and he loves these just as much i recently had to get the normal greenies because they were out of lite and my dog wouldnt go near them thank goodness i purchased the normal ones at a place where they took returnsbr br i give my guy a few throughout the day as treats so i just bend and twist them in half otherwise my dachshundpekingese mix will demand more and at roughly 30 a box id go broke if i gave him as many as he could eat as long as the box is fresh the greenies will be nice and bendable i have purchased a box on a few occasions where the greenies were rock hardbr br my only complaint is the price i just wish they were a tad lower even still i will keep buying these as theyre my dogs fave treats
139,4,lily & lolas fun chews,received the greenies and immediately gave 1 to each of my dogs lola chewed hers right away and loved it lily hides hers and then eats it later nice size and good price both dogs enjoy greenies,received the greenies and immediately gave 1 to each of my dogs lola chewed hers right away and loved it lily hides hers and then eats it later nice size and good price both dogs enjoy greenies
140,5,dog's love them,i order these constantly for my dogs and my review is always the same  most dogs think they are the best thing since grass and will do all kinds of tricks to get them,i order these constantly for my dogs and my review is always the same  most dogs think they are the best thing since grass and will do all kinds of tricks to get them
141,5,greenies - the best price anywhere.,this is the best price for greenies  greenies do a great job helping to keep my dogs teeth in their best shape  so glad i discovered this product on amazon as they are almost too expensive to buy anywhere else,this is the best price for greenies  greenies do a great job helping to keep my dogs teeth in their best shape  so glad i discovered this product on amazon as they are almost too expensive to buy anywhere else
142,2,dog got sick,been buying greenies for years  decide to try the senior version but it made my dog sick  i dont know if its to soft or what but it seemed to get stuck in his throat that hed eat some grass to throw it up  bummed since i bought a tub,been buying greenies for years  decide to try the senior version but it made my dog sick  i dont know if its to soft or what but it seemed to get stuck in his throat that hed eat some grass to throw it up  bummed since i bought a tub
143,5,my doggies love these,my two dachshunds love these things  they know they are going to get one every morning  they lead me to the pantry and are so cute when they beg or i call it talking letting me know that they cant hardly wait  great product,my two dachshunds love these things  they know they are going to get one every morning  they lead me to the pantry and are so cute when they beg or i call it talking letting me know that they cant hardly wait  great product
144,5,greenies,thank you so much for sending us this product that our dogs love so much it was neatly packaged and enjoyed by the dogs the minute we opened the package the deal is amazing,thank you so much for sending us this product that our dogs love so much it was neatly packaged and enjoyed by the dogs the minute we opened the package the deal is amazing
145,5,great price,our yorkie and shitzu love greenies and the price at amazon is significantly lower than what i can find at petsmart or petco i will continue to buy from amazon,our yorkie and shitzu love greenies and the price at amazon is significantly lower than what i can find at petsmart or petco i will continue to buy from amazon
146,4,my dog loves these,greenies are one of my english bulldogs favorite treats  they are a bit on the expensive side but if you get them on amazon instead of one of the large pet stroe chains you get a better deal  i tried the costco brand of dental chews they were about half the price and they disagreed with my dogs stomach so i came back to greenies  i usually break them in half and put it in is kong toy so its like a puzzle for him to get it out  if i just give it to him he eats it really quickly  overall greenies are a great product,greenies are one of my english bulldogs favorite treats  they are a bit on the expensive side but if you get them on amazon instead of one of the large pet stroe chains you get a better deal  i tried the costco brand of dental chews they were about half the price and they disagreed with my dogs stomach so i came back to greenies  i usually break them in half and put it in is kong toy so its like a puzzle for him to get it out  if i just give it to him he eats it really quickly  overall greenies are a great product
147,5,greenies for a picky eater,i had to pay a fortune to have our dogs teeth cleaned plus it was a difficult thing for hershe got very upset and was in pain for a few days so i started using greenies and wowthey have her scheduled for a teeth cleaning that i will cancel because it has kept her teeth so clean best of all though she is a very picky eater most things that are supposedly flavored to please dogs do not please her she just wont eat them but greenies for teethshe cant wait to have them i just ask her if she wants to brush her teeth and she is ready and waiting the other night i got out her pills to give her for arthritis and made the mistake of getting out the greenie at the same time she didnt want the pills although they were covered in peanut butter which she usually loves once she finished the greenie she wanted the peanut butter pills,i had to pay a fortune to have our dogs teeth cleaned plus it was a difficult thing for hershe got very upset and was in pain for a few days so i started using greenies and wowthey have her scheduled for a teeth cleaning that i will cancel because it has kept her teeth so clean best of all though she is a very picky eater most things that are supposedly flavored to please dogs do not please her she just wont eat them but greenies for teethshe cant wait to have them i just ask her if she wants to brush her teeth and she is ready and waiting the other night i got out her pills to give her for arthritis and made the mistake of getting out the greenie at the same time she didnt want the pills although they were covered in peanut butter which she usually loves once she finished the greenie she wanted the peanut butter pills
148,5,my dog's favorite treat!,greenies are great dental chews that keep my dog with minimal plaquebr my 3 yr old loves itbr the price of the 96 teenie pack or more from amazon is unbeatablebr br of note my dog didnt like it very much when he tried it the first time when he was 2 months old he grew to love it more and more so dont give up and give it to someone else if your puppy is not crazy about them from the first day,greenies are great dental chews that keep my dog with minimal plaquebr my 3 yr old loves itbr the price of the 96 teenie pack or more from amazon is unbeatablebr br of note my dog didnt like it very much when he tried it the first time when he was 2 months old he grew to love it more and more so dont give up and give it to someone else if your puppy is not crazy about them from the first day
149,5,cheapest anywhere,my dog loves em this is cheapest you will find these anywhere this is my second time ordering great deal,my dog loves em this is cheapest you will find these anywhere this is my second time ordering great deal
150,4,dog goes crazy for these,keeps the dogs teeth nice and white smells like it is filled with minerals and all kinds of good stuff highly recommended by vets works well for us,keeps the dogs teeth nice and white smells like it is filled with minerals and all kinds of good stuff highly recommended by vets works well for us
151,5,=d,this product is great you get as many treats with the teenies as the petite size and my puppies love them like crazy the price is great delivery service was great overall happy with everything,this product is great you get as many treats with the teenies as the petite size and my puppies love them like crazy the price is great delivery service was great overall happy with everything
152,5,greenies,shipped very fast  great product for your dogs teeth  i have been giving my poodle greenies ofr years now and my vet said that her teeth are just as white and healthy as a 2 year old dogs  she is 10 years old,shipped very fast  great product for your dogs teeth  i have been giving my poodle greenies ofr years now and my vet said that her teeth are just as white and healthy as a 2 year old dogs  she is 10 years old
153,5,greenies,i buy greenies frequently for my dogs they love them i buy them for my granddogs also very good product,i buy greenies frequently for my dogs they love them i buy them for my granddogs also very good product
154,3,container problem,i have used these little treats for our 2 dogs for a while and never had a problem  this time the container arrived a little dented and when i opened it discovered that the inside pouch had been damaged and the greenies are stuck together  disappointing,i have used these little treats for our 2 dogs for a while and never had a problem  this time the container arrived a little dented and when i opened it discovered that the inside pouch had been damaged and the greenies are stuck together  disappointing
155,4,my dog  loves these.,my dog is not wild about many treats but she loves greenies  she just cant resist them  she never eats the cats food but once i had some cat greenies in the bowl and she scarffed them up  the only reason i gave them 4 stars is that i wish they werent so expensive,my dog is not wild about many treats but she loves greenies  she just cant resist them  she never eats the cats food but once i had some cat greenies in the bowl and she scarffed them up  the only reason i gave them 4 stars is that i wish they werent so expensive
156,5,great deal!!,our dogs adore these and they are usually fairly pricey for the amount you get however amazon always has one great deal or another for buying these and significantly cheaper than in store pricesbr br we usually buy the 130 or 96 pack of teenies for our two chihuahua mix dogs depending whichever has the better sale price at the timebr br the teenie size is great for our smaller dog 6lb as he can fully chew on it and savor it however it is not quite enough for our other chihuahua mix 13lb she tends to gulp it down like any other dog treat without getting as much benefit from the dental cleaning that greenies are supposed to help with now that she is a little larger she loved these as a pup i think we may graduate her to the next size of greeniebr br i have always found that our dogs look forward to their greenie treats and see them as a special treat which is great because keeping a dogs dental health in check is important and i find greenies do help with this and yet are delicious to the dogbr br our larger dog has been given greenies for two years now and her teeth are still almost entirely stain free and her breath is not as bad as some dogs however i would not use greenies solely to keep a dogs breath in check i recommend getting some other product for that,our dogs adore these and they are usually fairly pricey for the amount you get however amazon always has one great deal or another for buying these and significantly cheaper than in store pricesbr br we usually buy the 130 or 96 pack of teenies for our two chihuahua mix dogs depending whichever has the better sale price at the timebr br the teenie size is great for our smaller dog 6lb as he can fully chew on it and savor it however it is not quite enough for our other chihuahua mix 13lb she tends to gulp it down like any other dog treat without getting as much benefit from the dental cleaning that greenies are supposed to help with now that she is a little larger she loved these as a pup i think we may graduate her to the next size of greeniebr br i have always found that our dogs look forward to their greenie treats and see them as a special treat which is great because keeping a dogs dental health in check is important and i find greenies do help with this and yet are delicious to the dogbr br our larger dog has been given greenies for two years now and her teeth are still almost entirely stain free and her breath is not as bad as some dogs however i would not use greenies solely to keep a dogs breath in check i recommend getting some other product for that
157,5,greenies for a good price,well they are greenies  not much else to say about them besides its a fantastic price  they come in the green box shown but inside is a resealable bag to keep them fresh which was really nice and actually a concern i had when i first purchased them,well they are greenies  not much else to say about them besides its a fantastic price  they come in the green box shown but inside is a resealable bag to keep them fresh which was really nice and actually a concern i had when i first purchased them
158,5,buy in bulk!,my dogs love these greenies their teeth are super white from chewing on them and their breath somehow is no longer as stinky the only thing is that they are a tadoverpriced so i recommend buying them in bulk if you are truly satisfied with this product like i am,my dogs love these greenies their teeth are super white from chewing on them and their breath somehow is no longer as stinky the only thing is that they are a tadoverpriced so i recommend buying them in bulk if you are truly satisfied with this product like i am
159,5,greenies are awesome!!,my dogs go crazy for these i was worried for their safety since i had heard some negative reviews for these chews so i did some research and found that the most common problem is from choking  they do chomp them down so i have them eat it while im nearby in case they choke havent yet  their teeth and gums are clean and strong so that saves  on dental bills  i dont like the idea of having them go under general anesthesia just to get their teeth cleaned seems much riskier so i will continue to take the risk with greenies amazon price for these even with shipping costs are still the lowest and my dogs get to bark at the fedex guy,my dogs go crazy for these i was worried for their safety since i had heard some negative reviews for these chews so i did some research and found that the most common problem is from choking  they do chomp them down so i have them eat it while im nearby in case they choke havent yet  their teeth and gums are clean and strong so that saves  on dental bills  i dont like the idea of having them go under general anesthesia just to get their teeth cleaned seems much riskier so i will continue to take the risk with greenies amazon price for these even with shipping costs are still the lowest and my dogs get to bark at the fedex guy
160,4,good value and dogs like them!,these do help to keep my dogs teeth clean and they are just the right size for my 7 lb chihuahua much much better value on amazon then your local pet supply warehouse,these do help to keep my dogs teeth clean and they are just the right size for my 7 lb chihuahua much much better value on amazon then your local pet supply warehouse
161,5,best treat,my dogs love these treats when my dogs wake up in the morning thats the first thing they want to eat especially my dog luna cries for one when i say greenie she immediately runs downstairs and sit right in front of the pantry for one i highly recommend these treats,my dogs love these treats when my dogs wake up in the morning thats the first thing they want to eat especially my dog luna cries for one when i say greenie she immediately runs downstairs and sit right in front of the pantry for one i highly recommend these treats
162,5,love them and will buy again!,i have a 10 month old puppy she is a mix between 14 poodle chihuahua terrier and maltese she is super picky with treats and food in general and she absolutely loves these she wants one all the time her bowel movements are not affected by them in a negative way the only thing i would say that is a con is that they dont last very long she eats them pretty quickly even though the material of them is pretty rock solid and her mouth is tiny,i have a 10 month old puppy she is a mix between 14 poodle chihuahua terrier and maltese she is super picky with treats and food in general and she absolutely loves these she wants one all the time her bowel movements are not affected by them in a negative way the only thing i would say that is a con is that they dont last very long she eats them pretty quickly even though the material of them is pretty rock solid and her mouth is tiny
163,4,my pups love it!,i have two dogs and they both love this it ive been giving them this treat for over a year now and had no issues the only reason why i give it a 4 star instead of a 5 is because it does not help my dogs with their minor tartar build up like its supposed to other than that its a great treat,i have two dogs and they both love this it ive been giving them this treat for over a year now and had no issues the only reason why i give it a 4 star instead of a 5 is because it does not help my dogs with their minor tartar build up like its supposed to other than that its a great treat
164,5,my yorkies love these dental chews!,i give these little dental toothbrush treats to my three yorkies and they scatter to all corners to protect and eat their treats small dogs often have dental problems and i use these to help their teeth  they are the perfect size for my dogs,i give these little dental toothbrush treats to my three yorkies and they scatter to all corners to protect and eat their treats small dogs often have dental problems and i use these to help their teeth  they are the perfect size for my dogs
165,5,yum (or so it seems),i dont know what it is about them but dogs will listen to you if youre offering one of these as a reward my dog gets one every night after she performs a few tricks flawlessly knowling the reward is one of these,i dont know what it is about them but dogs will listen to you if youre offering one of these as a reward my dog gets one every night after she performs a few tricks flawlessly knowling the reward is one of these
166,5,perfect,our 13 year old minature fox terrier loves them and they take a nice amount of time for her to devour,our 13 year old minature fox terrier loves them and they take a nice amount of time for her to devour
167,5,my shiba inu loves this as a favorite bedtime treat,good for dogs with sensitive stomachs and tasty too  also very healthy  great guaranteed analysis  am already on my second box of 96 teenys,good for dogs with sensitive stomachs and tasty too  also very healthy  great guaranteed analysis  am already on my second box of 96 teenys
168,5,great,love the greeniesmy rat terriers favorite snack  just say the word and they come running  enjoy them and dont forget to buy more,love the greeniesmy rat terriers favorite snack  just say the word and they come running  enjoy them and dont forget to buy more
169,5,love grenies,as usual its great i get a lot of compliment about my black lab very white teeth  i just wish they would make bigger boxes the large greenies come only at a maximum of 17 a box,as usual its great i get a lot of compliment about my black lab very white teeth  i just wish they would make bigger boxes the large greenies come only at a maximum of 17 a box
170,5,greenies,the shipment came on time and was packed perfectly  my dogs get two greenies daily their teeth have less plaque and their breaths are pleasant  i love this product,the shipment came on time and was packed perfectly  my dogs get two greenies daily their teeth have less plaque and their breaths are pleasant  i love this product
171,5,my papillon and bischon love these!,i got these for the health benefits of fresh breath plaque and overall quality of stuff i like to treat my kids now and again and they love them so much they have even taken to identifying these treats as greenies yes i know it is typically the tone but they even get excited if you say the word green now its crazy so id say get these for your kids they will love them so much youll have a hard time denying them at least one a day i know i do,i got these for the health benefits of fresh breath plaque and overall quality of stuff i like to treat my kids now and again and they love them so much they have even taken to identifying these treats as greenies yes i know it is typically the tone but they even get excited if you say the word green now its crazy so id say get these for your kids they will love them so much youll have a hard time denying them at least one a day i know i do
172,5,squeaky clean!!,i have a one year old pomeranian whom has been on greenies since she was about 3mos let me tell you ive gone to the vet several times during her first year for different reasons the first time her vet was happy to see that she had a healthy smile and hoped it continued she was still a puppy since then we moved to another city and she now has a different vet this vet was so excited and yes i said excited to see my fur babys gums and teeth the vet asked to take a picture of foxysmy fur baby teeth to post on their website she asked me if i brush them daily i said nope weve been using greenies does that count she said yes and added in detail how healthy it is for them in a lot of aspects buying them from a pet store is ridiculous to me because the price for a pack of 20 is over 19 are you kidding me so when i saw this price and the amt that come in the pack ive been buying them on here ever since i give them to her once a day everyday at 9pm she even recognizes the word greenies and follows me to the pantry when its that time of day for her because of a previous review i read about storing them in the container it comes in for a while caused maggots i got really grossed outhas never happened to me so just in case i dump them in a snap seal clear plastic container,i have a one year old pomeranian whom has been on greenies since she was about 3mos let me tell you ive gone to the vet several times during her first year for different reasons the first time her vet was happy to see that she had a healthy smile and hoped it continued she was still a puppy since then we moved to another city and she now has a different vet this vet was so excited and yes i said excited to see my fur babys gums and teeth the vet asked to take a picture of foxysmy fur baby teeth to post on their website she asked me if i brush them daily i said nope weve been using greenies does that count she said yes and added in detail how healthy it is for them in a lot of aspects buying them from a pet store is ridiculous to me because the price for a pack of 20 is over 19 are you kidding me so when i saw this price and the amt that come in the pack ive been buying them on here ever since i give them to her once a day everyday at 9pm she even recognizes the word greenies and follows me to the pantry when its that time of day for her because of a previous review i read about storing them in the container it comes in for a while caused maggots i got really grossed outhas never happened to me so just in case i dump them in a snap seal clear plastic container
173,5,"greenies dental chews for dogs, teenie pack, 96 chews",excellent healthy product for your small dogs  please be aware that you must watch your pup when giving them this small greenie or they will swallow the entire thing in one gulp  quick service by the seller and excellent price for this product  i will purchase more for sure,excellent healthy product for your small dogs  please be aware that you must watch your pup when giving them this small greenie or they will swallow the entire thing in one gulp  quick service by the seller and excellent price for this product  i will purchase more for sure
174,5,helps a lot!,these were sold on here for much cheaper than i could find in stores and i am very happy with how they helped my dogs breath these are small probably good for dogs 10 lbs or less,these were sold on here for much cheaper than i could find in stores and i am very happy with how they helped my dogs breath these are small probably good for dogs 10 lbs or less
175,5,awesome,my dog lexie loves these things she gets one everynight at 7 and she lets us know if we are late with it,my dog lexie loves these things she gets one everynight at 7 and she lets us know if we are late with it
176,5,love those greenies,i have a bichon beagle hybrid mix called a glechon  he just loves greenies we just had him into his vet for his checkup and the vet told us that his teeth were beautiful he wanted to know what we did to keep them that way the only thing we do is to give him greenies ive had two other people comment on his teeth in the past month i highly recommend these treats for your dog if you want him to have good teeth and breath weve never had trouble with him being able to digest them they are a little costly but i feel theyre well worth the extra cost,i have a bichon beagle hybrid mix called a glechon  he just loves greenies we just had him into his vet for his checkup and the vet told us that his teeth were beautiful he wanted to know what we did to keep them that way the only thing we do is to give him greenies ive had two other people comment on his teeth in the past month i highly recommend these treats for your dog if you want him to have good teeth and breath weve never had trouble with him being able to digest them they are a little costly but i feel theyre well worth the extra cost
177,5,great greenies,my dog loves these treats and the 96 count box is the best deal they come in a foil package in the box so they stay fresh till the last one,my dog loves these treats and the 96 count box is the best deal they come in a foil package in the box so they stay fresh till the last one
178,3,dog teeth cleaner,i read the reviews and decided to purchase greenies for my two dogs  unfortunately neither one will eat them  i gave one box to my son and one to my daughter and thier dogs love them  go figure,i read the reviews and decided to purchase greenies for my two dogs  unfortunately neither one will eat them  i gave one box to my son and one to my daughter and thier dogs love them  go figure
179,5,love at first bite!,one of these at night is my yorkies toothbrush  breath mint he is almost ten and loves his greenies,one of these at night is my yorkies toothbrush  breath mint he is almost ten and loves his greenies
180,5,great,my dog and i both love this product  my vet even said it was great that my dog is having one every day  i feed my dog homemade dog food which includes sardines so greenies are a necessitybr dont know what we would do without them,my dog and i both love this product  my vet even said it was great that my dog is having one every day  i feed my dog homemade dog food which includes sardines so greenies are a necessitybr dont know what we would do without them
181,5,"great product, great price!",my two dogs adore greenies  this seemed to be the best place  price i found online  very quickly shipped too,my two dogs adore greenies  this seemed to be the best place  price i found online  very quickly shipped too
182,5,great dental chew deal,i purchased some greenies regular pack of 27 which i think is a great deal and it was delivered promptly  but there is extra packaging which needs to be recycled,i purchased some greenies regular pack of 27 which i think is a great deal and it was delivered promptly  but there is extra packaging which needs to be recycled
183,5,my dog loves these!,my dogs morning just wouldnt be complete without her greenie i think its the minty scent that drives her crazy but she loves them shes 18 lb so the teenies are just right for her,my dogs morning just wouldnt be complete without her greenie i think its the minty scent that drives her crazy but she loves them shes 18 lb so the teenies are just right for her
184,5,doggie must,its reassuring that the treats i give my precious yorkie are of the best quality and of course i appreciate the cost effectiveness of dealing with a reputable company  amazon has provided swift service and a product that would cost much more from a local pet shop  greenies are good for my dogs dental health and are not dangerous as are rawhides or toys with squeeking mechanisms which can choke a dog  just the sight of the greenie box and she knows its nap time or time for a treat,its reassuring that the treats i give my precious yorkie are of the best quality and of course i appreciate the cost effectiveness of dealing with a reputable company  amazon has provided swift service and a product that would cost much more from a local pet shop  greenies are good for my dogs dental health and are not dangerous as are rawhides or toys with squeeking mechanisms which can choke a dog  just the sight of the greenie box and she knows its nap time or time for a treat
185,5,love the large discount!,its so wonderful not to have to pay the high prices at petsmart for these greenies  my pups love them,its so wonderful not to have to pay the high prices at petsmart for these greenies  my pups love them
186,5,teenie greenies,these are the best dental treats on the market  my chiweenie thinks these are the best invention since meat  lol  her day is not started until she has one then she eats but never eats first,these are the best dental treats on the market  my chiweenie thinks these are the best invention since meat  lol  her day is not started until she has one then she eats but never eats first
187,5,my dogs love these.,my two dogs pugs absolutely love these  they get one every night and they have excellent dental health  amazon has the absolute best price over retail,my two dogs pugs absolutely love these  they get one every night and they have excellent dental health  amazon has the absolute best price over retail
188,5,keep on munching,my puppy loves this product  the moment he has a greenie in his mouth hell begin to munch  i actually got this product not only to keep my pups teeth clean but am using it to help my puppy teeth  the product is just hard enough so that my puppy can keep gnawing on it but it is simultaneously soft enough for him to sink his teeth into providing assistance for teeth development  i definitely recommend this product,my puppy loves this product  the moment he has a greenie in his mouth hell begin to munch  i actually got this product not only to keep my pups teeth clean but am using it to help my puppy teeth  the product is just hard enough so that my puppy can keep gnawing on it but it is simultaneously soft enough for him to sink his teeth into providing assistance for teeth development  i definitely recommend this product
189,5,very effective,my veterinarian recommended these  my dog is a german shepherd pit bull jack russel mix  his top part is huge but his legs not so much  basically he needs his weight managed all the time because we dont want knee problems to develop  at his last trip dr kragness said he had a bit of a tartar problem organic food related and to try a greenie a day  well hes been chewing them for about 12 days and his teeth look great and as an added benefit his breath is clean still hot but clean smelling  in addition ive noticed that he doesnt have a lot of doggy gas like usual  i thought the price was a bit steep but tried them on the word of the vet and for the obvious results were getting i guess you get what you pay for here,my veterinarian recommended these  my dog is a german shepherd pit bull jack russel mix  his top part is huge but his legs not so much  basically he needs his weight managed all the time because we dont want knee problems to develop  at his last trip dr kragness said he had a bit of a tartar problem organic food related and to try a greenie a day  well hes been chewing them for about 12 days and his teeth look great and as an added benefit his breath is clean still hot but clean smelling  in addition ive noticed that he doesnt have a lot of doggy gas like usual  i thought the price was a bit steep but tried them on the word of the vet and for the obvious results were getting i guess you get what you pay for here
190,5,greenies dental chews,my doggie loves greenies she will not go to bed without her greenie they are digestible helps clean teeth they are a bit expensive but they are a good product and i would and do recommend them,my doggie loves greenies she will not go to bed without her greenie they are digestible helps clean teeth they are a bit expensive but they are a good product and i would and do recommend them
191,5,teenie greenies,these are the only treats i can get my dog to eat she has to be limited as she will make a meal on these if i would let her,these are the only treats i can get my dog to eat she has to be limited as she will make a meal on these if i would let her
192,5,greenies dental chews,greenies dental chews are a product that my dogs love to eat  around 630700 my dogs start to bark jump up follow me everywhere because its time for their greenies  best thing i ever got for them,greenies dental chews are a product that my dogs love to eat  around 630700 my dogs start to bark jump up follow me everywhere because its time for their greenies  best thing i ever got for them
193,5,great for older dogs.,i have an 11 year old jack russle whos teeth have worn down over the years greenies are great for him as they are not hard for him to chew and he loves them every evening all i have to say is want your greenie and he comes running its the only dog treat he eats now,i have an 11 year old jack russle whos teeth have worn down over the years greenies are great for him as they are not hard for him to chew and he loves them every evening all i have to say is want your greenie and he comes running its the only dog treat he eats now
194,5,fantastic!,my corgi loves these greenies  i like it how the greenies come in a zippable bag inside the cardboard box  i have the choice of throwing out the bag and using the box or vice versabr br i chose the free shipping method  it took awhile to ship but once shipped it came in a timely manner,my corgi loves these greenies  i like it how the greenies come in a zippable bag inside the cardboard box  i have the choice of throwing out the bag and using the box or vice versabr br i chose the free shipping method  it took awhile to ship but once shipped it came in a timely manner
195,4,great product,my pug loves his toothbrushes  they help keep away dog breath and i dont see a lot of plaque build up on his teeth,my pug loves his toothbrushes  they help keep away dog breath and i dont see a lot of plaque build up on his teeth
196,5,my dog loves these.,my dog thinks these are wonderfulbr i think amazons price for them is wonderfulbr its not difficult to find other dog owners who would be willing to split a box so im not worried about brittlenessbr winwin,my dog thinks these are wonderfulbr i think amazons price for them is wonderfulbr its not difficult to find other dog owners who would be willing to split a box so im not worried about brittlenessbr winwin
197,5,omg look at the great price!!!!,my yorkies love these things i have a 3 pounder and an 11 pounder and they think getting these are the bees knees i tried the other sizes but i think since these just fit right in their mouth they love it the product has a really over bearing smell but once you get over that it is a dog treat its amazing,my yorkies love these things i have a 3 pounder and an 11 pounder and they think getting these are the bees knees i tried the other sizes but i think since these just fit right in their mouth they love it the product has a really over bearing smell but once you get over that it is a dog treat its amazing
198,5,what a bargain!,i am so happy with the deal i got on these greenies  my dogs are even happier  house full of happy campers with these here,i am so happy with the deal i got on these greenies  my dogs are even happier  house full of happy campers with these here
199,5,great price..,came with the plastic bin my lhasa apso liked at first but tired of it a couple weeks later bummer so i gave away she prefers natural chicken jerky now,came with the plastic bin my lhasa apso liked at first but tired of it a couple weeks later bummer so i gave away she prefers natural chicken jerky now
200,5,dog goes crazy over these!,my dog has been loving these chews for years i give him one everyday and it has done a great job at keeping plaque and tartar build up at bay,my dog has been loving these chews for years i give him one everyday and it has done a great job at keeping plaque and tartar build up at bay
201,5,my dog loves these!,my dog is in love with these treats he comes running when i say do you want a greeny then he takes it under the bed to devour it my dogs teeth and breath stay healthy due to his greenies in between brushings nice to get such a big box at this great price,my dog is in love with these treats he comes running when i say do you want a greeny then he takes it under the bed to devour it my dogs teeth and breath stay healthy due to his greenies in between brushings nice to get such a big box at this great price
202,5,crack for my dog,my dog loooves these treats hes a 50 lb rhodesian ridgeback mutt and devours these im not sure about the dental impact yet as hes only had them for 2 weeks or so but this combined with toothpaste would be more effective,my dog loooves these treats hes a 50 lb rhodesian ridgeback mutt and devours these im not sure about the dental impact yet as hes only had them for 2 weeks or so but this combined with toothpaste would be more effective
203,5,puppy love,i have a pitbull who loves her treats im obsessed with keeping her healthy so these work great on her teeth and theyre a great price,i have a pitbull who loves her treats im obsessed with keeping her healthy so these work great on her teeth and theyre a great price
204,5,best dental chew,i was kinda skeptic about this green chews turned out my dogs love it very muchbr had purchased my 5th boxes and worked well on preventing teeth decay very satisfied and will keep restock,i was kinda skeptic about this green chews turned out my dogs love it very muchbr had purchased my 5th boxes and worked well on preventing teeth decay very satisfied and will keep restock
205,4,greenie good,our labradoodle likes his greenies  the product seems to be helping with the plaque problem hes been having  it is a bit costly for continual use,our labradoodle likes his greenies  the product seems to be helping with the plaque problem hes been having  it is a bit costly for continual use
206,4,good price,bob loves these treats better than anything and lets me know every day when its greenie time  i cut them in half because they are so expensive but ive been able to find them at much better prices on amazon than in the pet food stores even with the manufacturers infrequent coupon  if your dog loves these buy them online and save,bob loves these treats better than anything and lets me know every day when its greenie time  i cut them in half because they are so expensive but ive been able to find them at much better prices on amazon than in the pet food stores even with the manufacturers infrequent coupon  if your dog loves these buy them online and save
207,5,yummy for my dog,my dog loves these treats  i can comb her or cut the wads of hair under her ears when she is eating one of these  otherwise forget it  she is still young so i hope i will get her to sit still while i groom her but for now my puppy and i love these  the shipper was great too,my dog loves these treats  i can comb her or cut the wads of hair under her ears when she is eating one of these  otherwise forget it  she is still young so i hope i will get her to sit still while i groom her but for now my puppy and i love these  the shipper was great too
208,5,greenies from amazon,the price is rite this is the second time i bought them dogs love them will bye some more thats about it,the price is rite this is the second time i bought them dogs love them will bye some more thats about it
209,5,great taste & great value,my dogs love the greenies taste they prefer greenies to any of their other treats theyve been chewing greenies for 5 yrs and have not had to have their teeth cleaned,my dogs love the greenies taste they prefer greenies to any of their other treats theyve been chewing greenies for 5 yrs and have not had to have their teeth cleaned
210,5,great price!,i like to buy greenies for my dog but they are very expensive even in multipacks if you purchase at online pet stores they are somewhat less expensive but not like the boxes offered on amazon  dogs need clean teeth and healthy gums and greenies will take care of both  easily digestible for my 13 year old shitzu,i like to buy greenies for my dog but they are very expensive even in multipacks if you purchase at online pet stores they are somewhat less expensive but not like the boxes offered on amazon  dogs need clean teeth and healthy gums and greenies will take care of both  easily digestible for my 13 year old shitzu
211,5,a teethsaver!,about two years ago i adopted a little toy poodle from my local humane society  she had been rescued from a puppy mill and was underweight coated in fleas and had a broken jaw  after trying to fix the jaw with a metal plate and it getting infected we ended up having her lower left jaw along with all of her teeth on that sound of her mouth removed completely  a year later during her annual dental cleaning she had 6 more teeth removed and is now down to about 8 total  shortly after i discovered greenies  everyday i come home from work and after she is done going outside she sits by the pantry door waiting for her greenie  when i open the door to the pantry she starts dancing on her two back legs  the last time i took her into the vet they said she only had grade 1 dental disease as opposed to the grade 3 the year before   thank you greenies for creating a delicious product that is helping to save my dogs few precious teeth  thank you amazon for offering them at an affordable price with free shipping,about two years ago i adopted a little toy poodle from my local humane society  she had been rescued from a puppy mill and was underweight coated in fleas and had a broken jaw  after trying to fix the jaw with a metal plate and it getting infected we ended up having her lower left jaw along with all of her teeth on that sound of her mouth removed completely  a year later during her annual dental cleaning she had 6 more teeth removed and is now down to about 8 total  shortly after i discovered greenies  everyday i come home from work and after she is done going outside she sits by the pantry door waiting for her greenie  when i open the door to the pantry she starts dancing on her two back legs  the last time i took her into the vet they said she only had grade 1 dental disease as opposed to the grade 3 the year before   thank you greenies for creating a delicious product that is helping to save my dogs few precious teeth  thank you amazon for offering them at an affordable price with free shipping
212,4,"our dog loves them, but eats them fast!",we bought these for our 65 lb golden retriever he is not a powerful chewer since he has a retrievers mouth but he is a diligent chewer hell chew and keep chewing once he gets going the size of the largesized greenies seems right for himbr br our dogs breath was getting stinky and we were noticing some buildup of plaque so we got the greenies dental treats he simply loves these but he eats them a little to fast they only last a few minutes i wish he would chew more and swallow lessbr br but our dogs breath does seem better we dont use them every day more like every other day to make them last but they still seem to do some decent teeth cleaning i would use these in combination with other teethgum health products like the nylabones and raw hides,we bought these for our 65 lb golden retriever he is not a powerful chewer since he has a retrievers mouth but he is a diligent chewer hell chew and keep chewing once he gets going the size of the largesized greenies seems right for himbr br our dogs breath was getting stinky and we were noticing some buildup of plaque so we got the greenies dental treats he simply loves these but he eats them a little to fast they only last a few minutes i wish he would chew more and swallow lessbr br but our dogs breath does seem better we dont use them every day more like every other day to make them last but they still seem to do some decent teeth cleaning i would use these in combination with other teethgum health products like the nylabones and raw hides
213,5,so happy to find this vendor!!!,this is a fantastic deal my dogs love greenies but at over 20 per bag at the local pet supply store i couldnt afford to give them one everyday i order these again and again,this is a fantastic deal my dogs love greenies but at over 20 per bag at the local pet supply store i couldnt afford to give them one everyday i order these again and again
214,5,treats,our little guy eats one of these a day after dinner  he sits and waits until they are given a super price for the box and fast shipping will definately order again,our little guy eats one of these a day after dinner  he sits and waits until they are given a super price for the box and fast shipping will definately order again
215,5,great treats,any edible bone can cause a dog to choke but greenies changed their formula about a year ago to make it more digestible  i love the product,any edible bone can cause a dog to choke but greenies changed their formula about a year ago to make it more digestible  i love the product
216,5,"sticky, but delicious.",my pug puppies absolutely love these bones  the only negative aspect is that they get sticky  leave a green film that dries to a green crust on their front legs  paws  whatever theyre laying on usually the sofa  long after the bone has been chewed to a little nub  swallowed my beautiful girls are licking their paws  staring at me begging for another with their big sad eyes  even though my puppies are only 12 lbs  just under 8 months old i give them the regular size  the smaller ones just dont last long enough with my power chewers  i usually try to wrestle the small end from my girls before they get swallowed as i do with every treat they get but im rarely successful  they have the habit of swallowing pieces that seem far too large for them but ive never had a problem with these bones  ive never had any pieces reappear later in any form or had any blockage or choking problems  im fully convinced that the bones dissolve quickly  safely in their tummiesbr a lot of people have negative things to say about these treats even our vet has a note about these specific bones causing digestive upset on his website but i have had nothing but wonderful experiences since purchasing washable slipcovers for our furniturebr if youre worried about trying these treats id suggest giving a larger size than is called for  observing your furchild like any good parent shouldbr br common sense for all pet owners  take the end of any treat away before it can be swallowed  if you havent already ask your vet to teach you the doggie heimlich maneuver  doggie cpr just in case,my pug puppies absolutely love these bones  the only negative aspect is that they get sticky  leave a green film that dries to a green crust on their front legs  paws  whatever theyre laying on usually the sofa  long after the bone has been chewed to a little nub  swallowed my beautiful girls are licking their paws  staring at me begging for another with their big sad eyes  even though my puppies are only 12 lbs  just under 8 months old i give them the regular size  the smaller ones just dont last long enough with my power chewers  i usually try to wrestle the small end from my girls before they get swallowed as i do with every treat they get but im rarely successful  they have the habit of swallowing pieces that seem far too large for them but ive never had a problem with these bones  ive never had any pieces reappear later in any form or had any blockage or choking problems  im fully convinced that the bones dissolve quickly  safely in their tummiesbr a lot of people have negative things to say about these treats even our vet has a note about these specific bones causing digestive upset on his website but i have had nothing but wonderful experiences since purchasing washable slipcovers for our furniturebr if youre worried about trying these treats id suggest giving a larger size than is called for  observing your furchild like any good parent shouldbr br common sense for all pet owners  take the end of any treat away before it can be swallowed  if you havent already ask your vet to teach you the doggie heimlich maneuver  doggie cpr just in case
217,5,maggie's favorite,we have tried other chew products for our dog and these are by far her favorite they dont get messy like other chew treats and her breath smells so much better even better than the dental milkbones out there she really does prefer these over any other dog treat,we have tried other chew products for our dog and these are by far her favorite they dont get messy like other chew treats and her breath smells so much better even better than the dental milkbones out there she really does prefer these over any other dog treat
218,3,great product but poor advertising on amazon's part,received the petite lite greenies 27 oz box today  the picture shows a count of 96 bones but i only got a box of 45  i realize that the picture shows the teenie size w96 and 27oz so naturally the next size up petite would have fewer bones but i think receiving only 45 is a bit deceiving  45 bones for almost 25 isnt bad but i wont be purchasing on a regular basis  these are for a christmas gift so they are a splurge anyway  my dogs a chihuahua minpin and shichon love them,received the petite lite greenies 27 oz box today  the picture shows a count of 96 bones but i only got a box of 45  i realize that the picture shows the teenie size w96 and 27oz so naturally the next size up petite would have fewer bones but i think receiving only 45 is a bit deceiving  45 bones for almost 25 isnt bad but i wont be purchasing on a regular basis  these are for a christmas gift so they are a splurge anyway  my dogs a chihuahua minpin and shichon love them
219,5,great for older dogs,my son brought these home one day for our 12 year old cocker spaniel she became hooked on them rather quickly and starts howling for them around 700pm daily amazon pricing is significantly less than the local stores and prime delivery is incredibly convenient,my son brought these home one day for our 12 year old cocker spaniel she became hooked on them rather quickly and starts howling for them around 700pm daily amazon pricing is significantly less than the local stores and prime delivery is incredibly convenient
220,5,my dog loves them,we bought these as a christmas present for my dog and he just loves them  a little pricey but hes worth it,we bought these as a christmas present for my dog and he just loves them  a little pricey but hes worth it
221,5,greenies are great....albiet xpensive,all greenies are overpriced  but since my critters love em so i watch the price and get a bunch when it drops to a more reasonable level  still too high butbr br since im buying something i think is way overpriced  yet i still buy it should say it all  my gang loves the darn things  i prefer tendons or pizzles since they last awhile  but they love greenies  so i get embr br you probably will too  we got our pets right where they want us,all greenies are overpriced  but since my critters love em so i watch the price and get a bunch when it drops to a more reasonable level  still too high butbr br since im buying something i think is way overpriced  yet i still buy it should say it all  my gang loves the darn things  i prefer tendons or pizzles since they last awhile  but they love greenies  so i get embr br you probably will too  we got our pets right where they want us
222,4,for sparkling doggy teeth,of all the dog teeth treats i bought this one because it was highly recommended by doggie dentists if your dog doesnt take to it right away have some patience my own dog took it in strides at firstshe would chew on it but not swallow it and now she looks forward to it more than any other little treat i dont know what it does for her breath which is never very minty fresh but her teeth are sparkling white giving her one a day doesnt make her stomach hurt in any way,of all the dog teeth treats i bought this one because it was highly recommended by doggie dentists if your dog doesnt take to it right away have some patience my own dog took it in strides at firstshe would chew on it but not swallow it and now she looks forward to it more than any other little treat i dont know what it does for her breath which is never very minty fresh but her teeth are sparkling white giving her one a day doesnt make her stomach hurt in any way
223,5,these are great!!!,our dogs have only been chewing these for about a week and a half and they are great for freshening their breath their breath was so bad that you couldnt stand having them breathe anywhere by you now their breath is alot better i think that it is only gonna continue to get better  plus they love them and these dont upset their sensitive tummies i would recommend these to anyone ,our dogs have only been chewing these for about a week and a half and they are great for freshening their breath their breath was so bad that you couldnt stand having them breathe anywhere by you now their breath is alot better i think that it is only gonna continue to get better  plus they love them and these dont upset their sensitive tummies i would recommend these to anyone 
224,5,woof,i love thembr br    winston the dogbr br these are deliciousbr br    suzi the dogbr br fehnot a reasonable substitute for tunafishbr br    peke the cat,i love thembr br    winston the dogbr br these are deliciousbr br    suzi the dogbr br fehnot a reasonable substitute for tunafishbr br    peke the cat
225,4,greenies are the greatest,ive been giving my dogs greenies for years now  their excitement at receiving this treat never abates  as expensive as they are i feel my animals are well worth it  this is doggie health food at its finest  and the price here on amazon is the best ive found to date  however i am completely disgusted with the packaging of this product  the huge box is wasteful and not at all environmentally sound  come on greenies people  put the product in a pouch and call it a day,ive been giving my dogs greenies for years now  their excitement at receiving this treat never abates  as expensive as they are i feel my animals are well worth it  this is doggie health food at its finest  and the price here on amazon is the best ive found to date  however i am completely disgusted with the packaging of this product  the huge box is wasteful and not at all environmentally sound  come on greenies people  put the product in a pouch and call it a day
226,5,my dogs go crazy for greenies,my chihuahua and pomeranian get so excited when i bring out the teenie dental chews after their meali hope these are always in stock as i buy them frequently it does seems to help reduce the tartar on their teeth and its exceptionally high in protein unlike other treats,my chihuahua and pomeranian get so excited when i bring out the teenie dental chews after their meali hope these are always in stock as i buy them frequently it does seems to help reduce the tartar on their teeth and its exceptionally high in protein unlike other treats
227,5,great help for bad breath!!,i tried these on the recommendation of our veterinarian for my 2 little dogs bad breath i didnt think they would like them since the treat is hard  they favor soft treats but both dogs love them within 2 days their breath was improving now they get their once a day treat to keep their breath smelling fresh,i tried these on the recommendation of our veterinarian for my 2 little dogs bad breath i didnt think they would like them since the treat is hard  they favor soft treats but both dogs love them within 2 days their breath was improving now they get their once a day treat to keep their breath smelling fresh
228,5,"oh, if we could afford to buy these all the time...",our pups go nutty when we break out the greenies  they can hardly perform their requested tasks for the treats because theyre just too excited  theyre a bit expensive for our budget right now but when we can afford it we really like to get these for them  keeps their breath very cleansmelling and they really just love love love their greenies,our pups go nutty when we break out the greenies  they can hardly perform their requested tasks for the treats because theyre just too excited  theyre a bit expensive for our budget right now but when we can afford it we really like to get these for them  keeps their breath very cleansmelling and they really just love love love their greenies
229,5,my poodle loves greenies!,my poodle loves greenies  we joke that theyre like crack to her  she demands one every night at 8 pm  i cant complain too much though  her breath is great,my poodle loves greenies  we joke that theyre like crack to her  she demands one every night at 8 pm  i cant complain too much though  her breath is great
230,5,greenies chews,this is the third  ontainer we have purchased and as a once a day treat the dogs love them all have learned to sit and beg after each morning outing  try them for your dog  good value for your money as i use the 96 pack,this is the third  ontainer we have purchased and as a once a day treat the dogs love them all have learned to sit and beg after each morning outing  try them for your dog  good value for your money as i use the 96 pack
231,4,work great!,my italian greyhound loves these treats and ive yet to notice any problems as described by so many other reviewers my bella her name gets one of these treats about every other day since shes very difficult when it comes to me actually brushing her teeth they definitely do the jobbr br some people have stated that their dog has choked on these treats or a piece got caught in their intestinal track well im not sure how fast your dog tends to eat treats or how big of a chunk they try to bite off but that does matter when it comes to digestion of anything my pup eats these treats pretty slowly as i think she realizes it lasts longer that way and i make sure im in the room while shes eating it shell chew off small pieces to eat not large ones so im not sure if that makes a difference but i assume it wouldbr br i also make sure she gets plenty of water afterwards to wash it down the person at petsmart told me these are like crack for dogs while i can believe that my iggy has several different types of treats and only gets this one every other day if i gave her this for everything i could see it becoming an issuebr br overall i think these are great they help to keep my dogs mouth clean so that im not having to brush her teeth quite as much,my italian greyhound loves these treats and ive yet to notice any problems as described by so many other reviewers my bella her name gets one of these treats about every other day since shes very difficult when it comes to me actually brushing her teeth they definitely do the jobbr br some people have stated that their dog has choked on these treats or a piece got caught in their intestinal track well im not sure how fast your dog tends to eat treats or how big of a chunk they try to bite off but that does matter when it comes to digestion of anything my pup eats these treats pretty slowly as i think she realizes it lasts longer that way and i make sure im in the room while shes eating it shell chew off small pieces to eat not large ones so im not sure if that makes a difference but i assume it wouldbr br i also make sure she gets plenty of water afterwards to wash it down the person at petsmart told me these are like crack for dogs while i can believe that my iggy has several different types of treats and only gets this one every other day if i gave her this for everything i could see it becoming an issuebr br overall i think these are great they help to keep my dogs mouth clean so that im not having to brush her teeth quite as much
232,5,dog gone good,you wont be able to over sleep if your dog gets hooked on these dental chews  one is enough but your dog will drive you crazy until you get up and offer him this special way to start his day,you wont be able to over sleep if your dog gets hooked on these dental chews  one is enough but your dog will drive you crazy until you get up and offer him this special way to start his day
233,5,great treat to keep teeth healthy,one greenie a day after dinner helps our dogs teeth stay cleaner  also we brush daily with the salmon oil infused grain alcohol gel product  that works so much better than the enzymatic toothpastes,one greenie a day after dinner helps our dogs teeth stay cleaner  also we brush daily with the salmon oil infused grain alcohol gel product  that works so much better than the enzymatic toothpastes
234,5,my puppies love them and it helps keep their teeth clean!,got these large greenies originally when we noticed our 60lb boxer mix puppies teeth were getting a little dirty and brushing didnt too much  we give them each one greenie in the morning when we leave for work they love them  the boy gobbles it down but his sister savors every bit  they also keep the buildup on their teeth down quite a bit theyre not going to make them shine but theyll keep them pretty clean,got these large greenies originally when we noticed our 60lb boxer mix puppies teeth were getting a little dirty and brushing didnt too much  we give them each one greenie in the morning when we leave for work they love them  the boy gobbles it down but his sister savors every bit  they also keep the buildup on their teeth down quite a bit theyre not going to make them shine but theyll keep them pretty clean
235,5,greenies for dogs,molly and cocoa our cocker spaniels said to tell you that they love these greenies and cant think of anything they would rather munch on  they have sizes just right for them are easy to chew and easy to digest  the fact that they come in lite is a bonus as it helps us keep their calorie content down in the winter when they dont get as much exercise  i would highly recommend greenies for a great treat that helps clean dogs teeth and eliminate bad breath,molly and cocoa our cocker spaniels said to tell you that they love these greenies and cant think of anything they would rather munch on  they have sizes just right for them are easy to chew and easy to digest  the fact that they come in lite is a bonus as it helps us keep their calorie content down in the winter when they dont get as much exercise  i would highly recommend greenies for a great treat that helps clean dogs teeth and eliminate bad breath
236,4,save yourself a few bucks,if your dogs go thru the shakes when you run out like mine do then you need to stock up the cheapest price you will find delivered to your home better deal than you will ever get in a store,if your dogs go thru the shakes when you run out like mine do then you need to stock up the cheapest price you will find delivered to your home better deal than you will ever get in a store
237,4,my picky dogs love them,i have 2 fairly large dogs that need chew treats to help clean their teeth but they are very picky and reject most of this type of treats  they love these though and by purchasing the tub pack i save a lot in comparison to the other possibilities,i have 2 fairly large dogs that need chew treats to help clean their teeth but they are very picky and reject most of this type of treats  they love these though and by purchasing the tub pack i save a lot in comparison to the other possibilities
238,4,small dog loves these.  they don't last long.,i have a 12 pound 18 month old couton  he would rate these as 5 starsbr br the problem is he finishes these off in 5 minutesbr br this makes it an expensive dog biscuit rather than a dental chew toy,i have a 12 pound 18 month old couton  he would rate these as 5 starsbr br the problem is he finishes these off in 5 minutesbr br this makes it an expensive dog biscuit rather than a dental chew toy
239,5,loves clean teeth!,my dog seems to know when it about noon and time to brush his teeth he does vertical jumps until that little green toothbrush comes out of the container,my dog seems to know when it about noon and time to brush his teeth he does vertical jumps until that little green toothbrush comes out of the container
240,5,greenies lite treat tub-pak 27- ounce,greenies lite treats tub pak is the way to go for my dog she always looks forward to one of these before she goes to bed,greenies lite treats tub pak is the way to go for my dog she always looks forward to one of these before she goes to bed
241,5,my dogs go crazy for these greenies,i buy the lite teenies for my two little dogs and they are just right for treats  my dogs will do anything to get these,i buy the lite teenies for my two little dogs and they are just right for treats  my dogs will do anything to get these
242,5,happy!,my dog loves greenies read some reviews about it online and tried it out since amazon prime shipping is free the price was affordable and my dog refuses to have his teeth brushed ive been giving him 1 per day for a few days now and its like a treat to him im satisfied ,my dog loves greenies read some reviews about it online and tried it out since amazon prime shipping is free the price was affordable and my dog refuses to have his teeth brushed ive been giving him 1 per day for a few days now and its like a treat to him im satisfied 
243,5,saw a difference very quickly...and my dog loves them,i have an old english sheepdog puppy who was developing inflamed gums and awful dog breath way younger than he should have been  i started feeding him these and within a very short time weeks  maybe even less the inflammation had gone away and his breath was much better  i buy a size smaller than recommended for his size and that way he can have more than one  it breaks the treat up  since he loves these i can use them as a reward  next box im going to buy an even smaller size so i can divide the treat up even more throughout the day,i have an old english sheepdog puppy who was developing inflamed gums and awful dog breath way younger than he should have been  i started feeding him these and within a very short time weeks  maybe even less the inflammation had gone away and his breath was much better  i buy a size smaller than recommended for his size and that way he can have more than one  it breaks the treat up  since he loves these i can use them as a reward  next box im going to buy an even smaller size so i can divide the treat up even more throughout the day
244,4,doggies addicted!,i have two peekapoos and just say greenies and they go crazy  these are the reformulated greenies are made with gelatin compared to the old ones that had harmed some dogs and were pulled from market  these are easily digested as i started them out slow and made sure they chewed and not swallowed them which could be harmful i trust amazon to sell me items that will not cause harm  i personally thoroughly check for anything foreign which is due to the manufacturer and not amazon,i have two peekapoos and just say greenies and they go crazy  these are the reformulated greenies are made with gelatin compared to the old ones that had harmed some dogs and were pulled from market  these are easily digested as i started them out slow and made sure they chewed and not swallowed them which could be harmful i trust amazon to sell me items that will not cause harm  i personally thoroughly check for anything foreign which is due to the manufacturer and not amazon
245,5,turned her teeth around,when we adopted our 6 year old basset hound from a foster home her back teeth had so much build up that they were actually brown  now after four months they are not completely back but they are about 75 better although they are not inexpensive i think they do a good job  and she also enjoys them very much  i have checked many places and have found amazons prices to be the best so far,when we adopted our 6 year old basset hound from a foster home her back teeth had so much build up that they were actually brown  now after four months they are not completely back but they are about 75 better although they are not inexpensive i think they do a good job  and she also enjoys them very much  i have checked many places and have found amazons prices to be the best so far
246,5,great product- great seller!,this item came from the shipper quick and as described  my dog loves greenies and they really do seem to keep his teeth and breath clean,this item came from the shipper quick and as described  my dog loves greenies and they really do seem to keep his teeth and breath clean
247,4,"dogs devour them, does it clean their teeth?",i have two dogs 22 pounds and 45 pounds got the large size which is supposed to be for 50100 lbs my dogs love these things i mean within a few short minutes they are gone i thought they would be a little more of a challenge i guess the big question is are they in my dogs mouth long enough to actually do any teeth cleaning or are they just a delicious treat for my dogs to enjoy,i have two dogs 22 pounds and 45 pounds got the large size which is supposed to be for 50100 lbs my dogs love these things i mean within a few short minutes they are gone i thought they would be a little more of a challenge i guess the big question is are they in my dogs mouth long enough to actually do any teeth cleaning or are they just a delicious treat for my dogs to enjoy
248,5,our dog loves greenies,our old dog has dental problems and arthritis  she loves her greenies and reminds us that she deserves one a day  since starting on her senior greenies she is much more limber and agile  she has also started chewing on her chew sticks again after several years of not being interested in themand yes we take her to the vet to have her teeth cleaned,our old dog has dental problems and arthritis  she loves her greenies and reminds us that she deserves one a day  since starting on her senior greenies she is much more limber and agile  she has also started chewing on her chew sticks again after several years of not being interested in themand yes we take her to the vet to have her teeth cleaned
249,4,dog preference,our cocker spaniel is spoiled on all kinds of treats including table leftovers but she always has room for a greenie  her dental hygene is also important to us and the greenies seem to do the job,our cocker spaniel is spoiled on all kinds of treats including table leftovers but she always has room for a greenie  her dental hygene is also important to us and the greenies seem to do the job
250,5,greenies,greenies were at a super price great packaging prompt delivery our dogs love them great doing business with this site will look here next time i want to order this item,greenies were at a super price great packaging prompt delivery our dogs love them great doing business with this site will look here next time i want to order this item
251,5,"the only way to go, unless money is not an issue!",our three dogs love greenies they are very expensive usually 3299 but marked down to 2999 sometimes then on top of that you have state tax so  if i buy 4 boxes two petite and two teenies in a store that has pet as part of the name itll cost me over 13500 if i do the same thing through amazon companies prices it costs me about 8500 thats a difference of 5000 for the math impaired reader  go with free shipping because it literally gets here the same time frame use the 5000 and take your spouse out to dinnerbr the product is great i did notice that two in the same day was a bit tough on my pomeranians digestive system and caused a little diarrhea the dogs love the taste and would eat them all the time we get the small ones despite having two larger dogs because they will chomp them down in a heartbeat with the smaller sizes the dogs still get a treat and the boxes have a lot larger amount of greenies in them,our three dogs love greenies they are very expensive usually 3299 but marked down to 2999 sometimes then on top of that you have state tax so  if i buy 4 boxes two petite and two teenies in a store that has pet as part of the name itll cost me over 13500 if i do the same thing through amazon companies prices it costs me about 8500 thats a difference of 5000 for the math impaired reader  go with free shipping because it literally gets here the same time frame use the 5000 and take your spouse out to dinnerbr the product is great i did notice that two in the same day was a bit tough on my pomeranians digestive system and caused a little diarrhea the dogs love the taste and would eat them all the time we get the small ones despite having two larger dogs because they will chomp them down in a heartbeat with the smaller sizes the dogs still get a treat and the boxes have a lot larger amount of greenies in them
252,5,best price ever!,what a price for a product i always buy for my dog thanks so much amazon i will be back to buy more greenies,what a price for a product i always buy for my dog thanks so much amazon i will be back to buy more greenies
253,5,my dogs love them and have clean breathe,no complaints my dogs both enjoy them and they have nice breathe afterwards my dogs are 10 pounds each and i got the teenies they are very chewy so it takes a bit for my dogs to eat them but i think that is part of the fun for them highly recommend,no complaints my dogs both enjoy them and they have nice breathe afterwards my dogs are 10 pounds each and i got the teenies they are very chewy so it takes a bit for my dogs to eat them but i think that is part of the fun for them highly recommend
254,5,lucy and moe love them,these are great treats for dogs my bichon is 14 pounds but this is a good size treat for her and the fact that they promote dental health is a bonus,these are great treats for dogs my bichon is 14 pounds but this is a good size treat for her and the fact that they promote dental health is a bonus
255,5,greenies for my dog,i have used them for years  my dog cant wait to get one each morning she does a greenie dance  she jumps around and wiil do about anything to get the greenie  this was the first time i ordered them on amazon and im glad i did  i got the lowest price ever and they were delivered the fastest,i have used them for years  my dog cant wait to get one each morning she does a greenie dance  she jumps around and wiil do about anything to get the greenie  this was the first time i ordered them on amazon and im glad i did  i got the lowest price ever and they were delivered the fastest
256,5,my dogs love these!,all dogs love these treatschews it does keep both of my dogs teeth cleaned and they love it they know that when i get home from work every night they get a treat and they are so excited i highly recommend these  plus they are much cheaper on amazoncom than at your local petsmart or petco,all dogs love these treatschews it does keep both of my dogs teeth cleaned and they love it they know that when i get home from work every night they get a treat and they are so excited i highly recommend these  plus they are much cheaper on amazoncom than at your local petsmart or petco
257,4,our dogs' favorite!,when my dogs see me reaching for the greenie box they immediately sit on their bottoms and behave wonderfully one of the dogs will even do a little dance when we finally give her the treat we give our dogs one greenie about every other day and they just love them they take a lot of time in carefully chewing the greenie so it doesnt appear they are swallowing them too quickly i usually get the petite or teeny varieties for our two 10 lb dogs but since they like them so much i moved to regular hopefully ill see a change in their breath soon as they hate getting their teeth brushed,when my dogs see me reaching for the greenie box they immediately sit on their bottoms and behave wonderfully one of the dogs will even do a little dance when we finally give her the treat we give our dogs one greenie about every other day and they just love them they take a lot of time in carefully chewing the greenie so it doesnt appear they are swallowing them too quickly i usually get the petite or teeny varieties for our two 10 lb dogs but since they like them so much i moved to regular hopefully ill see a change in their breath soon as they hate getting their teeth brushed
258,5,amazing!,while they are expensive greenies do the trick for a dogs dental health we tried a couple other brands and went back to these the price on amazon cant be beat dog is happy as well and gets excited whenever anyone says greenie his breath is so much better after just a day or two of use,while they are expensive greenies do the trick for a dogs dental health we tried a couple other brands and went back to these the price on amazon cant be beat dog is happy as well and gets excited whenever anyone says greenie his breath is so much better after just a day or two of use
259,5,"teenie ""lite"" greenies",we brush our dogs teeth in the morning and feed once a day at evening time so we give him a greenie after he eats to clean up his teeth and breath because we give him sardine oil with his meal and this works great no fish breath  he loves the greenies,we brush our dogs teeth in the morning and feed once a day at evening time so we give him a greenie after he eats to clean up his teeth and breath because we give him sardine oil with his meal and this works great no fish breath  he loves the greenies
260,5,i want my greenie! arf arf!!!!,when my toy poodle finishes her dog foodshe comes to me and barks and barks for her treat greeniesshe will not stop barking till she gets it  i make sure she has eaten her dog food then she gets her greenie it is the highlight of her dayand she is the happiest dog her teeth are very white and she has the sweetest smelling breathi make sure i am never out of greeniesthe price is the greatest toothank youdd,when my toy poodle finishes her dog foodshe comes to me and barks and barks for her treat greeniesshe will not stop barking till she gets it  i make sure she has eaten her dog food then she gets her greenie it is the highlight of her dayand she is the happiest dog her teeth are very white and she has the sweetest smelling breathi make sure i am never out of greeniesthe price is the greatest toothank youdd
261,5,my dog likes them!,got the teenie greenies for my 16 12lb shih tzu lhasa apso  the package says that these are for dogs that range 515lbs but i ordered them anyway trying to save some money  she loves them  gobbles them up straight awaybr br only advicestick to the poundage recommendation  these treats are so small that i doubt my dog is getting the benefits of tartar controlremoval  on the bright side she likes the taste so they certainly work as regular daily treats,got the teenie greenies for my 16 12lb shih tzu lhasa apso  the package says that these are for dogs that range 515lbs but i ordered them anyway trying to save some money  she loves them  gobbles them up straight awaybr br only advicestick to the poundage recommendation  these treats are so small that i doubt my dog is getting the benefits of tartar controlremoval  on the bright side she likes the taste so they certainly work as regular daily treats
262,5,best value!,my dog loves these things and i love that you can get almost 100 for about 20 if you went to a pet store youd be paying at least twice as much for these things  i have a yorkie and i only give these to her every so often i try to remember to give one every other day so she doesnt get fatter  i really hope that amazon keeps them this cheap and ill keep buying them,my dog loves these things and i love that you can get almost 100 for about 20 if you went to a pet store youd be paying at least twice as much for these things  i have a yorkie and i only give these to her every so often i try to remember to give one every other day so she doesnt get fatter  i really hope that amazon keeps them this cheap and ill keep buying them
263,5,greenies are great !,asinb000kbfkiq greenies dental chews for dogs petite pack 45 chewsbr  are not only great for dogs teeth  but they must taste great i have a great dog who knows exactly when it is 500pm and has a particular bark for her greenie she is spoiled so she also knows when it is 730pm and time for her second treat and barks that same bark for her second onebr br the vet did say that her teeth look great ,asinb000kbfkiq greenies dental chews for dogs petite pack 45 chewsbr  are not only great for dogs teeth  but they must taste great i have a great dog who knows exactly when it is 500pm and has a particular bark for her greenie she is spoiled so she also knows when it is 730pm and time for her second treat and barks that same bark for her second onebr br the vet did say that her teeth look great 
264,5,my chihuahuas love them!,these bones are great  each one of my 22 chihuahuas love these bones  im hoping they will help with their breath but even if they dont its still a great product for my chis since they enjoy them so much,these bones are great  each one of my 22 chihuahuas love these bones  im hoping they will help with their breath but even if they dont its still a great product for my chis since they enjoy them so much
265,5,our doggy's all time favorite treat,we have 4 very spoiled furbabies  greenies are their special treat  they each get a greenie when they are groomed brushed bathed etc  just say the word greenie  you have a flash mob of doggies begging energeticly at your feet,we have 4 very spoiled furbabies  greenies are their special treat  they each get a greenie when they are groomed brushed bathed etc  just say the word greenie  you have a flash mob of doggies begging energeticly at your feet
266,5,greenies rock!,my little dog loves greenies chews we were first introduced to this dental treat at our vets office and seeing how much toby loved them i decided to start buying them for him imagine how surprised i was finding out the price at the pet store when i saw this fabulous deal on amazon for 96 greenies i was thrilled this will be tobys favorite present under the tree for certain as always great fast service and even greater buys through amazon,my little dog loves greenies chews we were first introduced to this dental treat at our vets office and seeing how much toby loved them i decided to start buying them for him imagine how surprised i was finding out the price at the pet store when i saw this fabulous deal on amazon for 96 greenies i was thrilled this will be tobys favorite present under the tree for certain as always great fast service and even greater buys through amazon
267,5,dogs gone wild!,i have no idea what is in these but my wire hair terrier goes wild when the box comes out  my daughter started me on these and he just loves them  had to get the small chew so he does not get fat on them as they are loaded with calories  checked with my vet and they had no problem with them use for own dogs  only problem is once you start your dog on these it will be a continuous treat and even from amazon these are not cheap  as quickly as they are devoured the per minute price is astronomical  but it is hard to deprive a dog you love of such a tasty treat,i have no idea what is in these but my wire hair terrier goes wild when the box comes out  my daughter started me on these and he just loves them  had to get the small chew so he does not get fat on them as they are loaded with calories  checked with my vet and they had no problem with them use for own dogs  only problem is once you start your dog on these it will be a continuous treat and even from amazon these are not cheap  as quickly as they are devoured the per minute price is astronomical  but it is hard to deprive a dog you love of such a tasty treat
268,5,my dog loves these dental chews.,my dog loves these dental chews and they work well to keep most of the plaque off her teeth  that saves on the vet bill,my dog loves these dental chews and they work well to keep most of the plaque off her teeth  that saves on the vet bill
269,5,dogs love these,it is hard to find greenies at a good price this was the best price that i have found recently my dog loves greenies,it is hard to find greenies at a good price this was the best price that i have found recently my dog loves greenies
270,5,the best!,i bought this product because i had a coupon it was a little expensive but i give one a week to my dog  my dog loves them and if she could speak she would say please give me one a day,i bought this product because i had a coupon it was a little expensive but i give one a week to my dog  my dog loves them and if she could speak she would say please give me one a day
271,5,do these things work,we started giving these to our dog to avoid having to have her teeth cleaned at a cost of 4 times human cleaning  well see if it worked on our next vet appointment,we started giving these to our dog to avoid having to have her teeth cleaned at a cost of 4 times human cleaning  well see if it worked on our next vet appointment
272,5,two paws way up,my dog loves these treats and they help with her aging dog breath  these arrived fast and fresh two paws up,my dog loves these treats and they help with her aging dog breath  these arrived fast and fresh two paws up
273,5,tasty treats,my dog loves them she gets them every morning after she goes out she wont settle down until after she has one she wont let me forget about them she looks foward to it every day,my dog loves them she gets them every morning after she goes out she wont settle down until after she has one she wont let me forget about them she looks foward to it every day
274,5,great,this is a great deal so much cheaper than the pet store my dog loves these and it helps her breath smell better it used to be terrible but she has gotten better after eating these i just wish they lasted longer for her as she can chew one up in about 2 minutes,this is a great deal so much cheaper than the pet store my dog loves these and it helps her breath smell better it used to be terrible but she has gotten better after eating these i just wish they lasted longer for her as she can chew one up in about 2 minutes
275,4,not a huge fan of the ingrediants but my dog loves them,my 11 year old dog loves greenies  its the best treat besides the smoked salmon he regularly gets  the smell weird and the ingrediants are not that clean but hes a fairly picky dog,my 11 year old dog loves greenies  its the best treat besides the smoked salmon he regularly gets  the smell weird and the ingrediants are not that clean but hes a fairly picky dog
276,4,tasty treats,my dog is relatively picky when it comes to treats but she loves these they dont do much to help her doggy breath but maybe over time they will help,my dog is relatively picky when it comes to treats but she loves these they dont do much to help her doggy breath but maybe over time they will help
277,5,healthy treat my dog loves,my dog is about 70lbs 11 years old and diabetic we couldnt completely cut her off from all treats once she became diabetic so we needed something healthier she loves greenies and theyre healthy enough for us to feel comfortable yeah they are pricey but if you buy them on amazon with the free shipping they are alot cheaper than buying them in stores for all she gives us the treats are still a bargain,my dog is about 70lbs 11 years old and diabetic we couldnt completely cut her off from all treats once she became diabetic so we needed something healthier she loves greenies and theyre healthy enough for us to feel comfortable yeah they are pricey but if you buy them on amazon with the free shipping they are alot cheaper than buying them in stores for all she gives us the treats are still a bargain
278,5,love them!,or really my dog loves them  when i have a busy day and i am too tired to brush her teeth i just give her one of these instead and they do as they describe  keep her teeth clean  they are very soft and easy on her teeth but also rub the leftovers off to keep them clean  i really recommend these to anybody who has a dog and they also make cat greenies which also work for my barn cats and they love them,or really my dog loves them  when i have a busy day and i am too tired to brush her teeth i just give her one of these instead and they do as they describe  keep her teeth clean  they are very soft and easy on her teeth but also rub the leftovers off to keep them clean  i really recommend these to anybody who has a dog and they also make cat greenies which also work for my barn cats and they love them
279,5,too good!,our dog wylie begs for a greenie first thing in the am he would eat them exclusively if we allowed it only one a day is allowed teeth look great so far,our dog wylie begs for a greenie first thing in the am he would eat them exclusively if we allowed it only one a day is allowed teeth look great so far
280,5,dog loves them!,my dog loves greenies  this is a great price  better price than all the pet stores  will reorder from amazon again,my dog loves greenies  this is a great price  better price than all the pet stores  will reorder from amazon again
281,5,doggie dope,my chihuahuas love their greenies  if they dont get them by 630 pm they let me know  its part of their routine and they know it,my chihuahuas love their greenies  if they dont get them by 630 pm they let me know  its part of their routine and they know it
282,5,teenie weenie,my dog loves this treat it helps clean his teeth daily since brushing is not an option because he dislikes it i recommend watching your dog while he chews it to prevent choking,my dog loves this treat it helps clean his teeth daily since brushing is not an option because he dislikes it i recommend watching your dog while he chews it to prevent choking
283,5,they're greenies,i dont know if they actually freshen sugars breath or not but she really likes them  and since shes the princess she can have whatever she wants,i dont know if they actually freshen sugars breath or not but she really likes them  and since shes the princess she can have whatever she wants
284,5,fantastic price & charlie loves them,great bargain  amazons price is at least 10 cheaper the petco  petsmart our jack russell loves his nightly greenie  i know we should be brushing his teeth but he turns into a tasmanian devil every time we try i like to think the greenies are the reason for his white teeth  he doesnt have doggie breath,great bargain  amazons price is at least 10 cheaper the petco  petsmart our jack russell loves his nightly greenie  i know we should be brushing his teeth but he turns into a tasmanian devil every time we try i like to think the greenies are the reason for his white teeth  he doesnt have doggie breath
285,5,great price and product,i have ordered greenies several times from this buyer and i am always pleased with the quality as well as the price this large box costs almost 1 each at petco and petsmart,i have ordered greenies several times from this buyer and i am always pleased with the quality as well as the price this large box costs almost 1 each at petco and petsmart
286,5,good for your pet,greenies are great i have 3 dogs who really love and 2 of thembr the 2 yr old and the 4 yr old have beautiful clean teeth i onlybr wish i had known about them when the 12 yr old was young  they reallybr love them and its improves their breath,greenies are great i have 3 dogs who really love and 2 of thembr the 2 yr old and the 4 yr old have beautiful clean teeth i onlybr wish i had known about them when the 12 yr old was young  they reallybr love them and its improves their breath
287,5,greenies review,i bought 5 boxes of greenies 2 for my dog and 3 for my friends dog and the dogs go crazy about greenies,i bought 5 boxes of greenies 2 for my dog and 3 for my friends dog and the dogs go crazy about greenies
288,5,great,our dog loves them  he is 35 lbs and the regular size is perfect and it seems to help with his teeth,our dog loves them  he is 35 lbs and the regular size is perfect and it seems to help with his teeth
289,5,great doggie treats!,my dogs love these treats i have 3 small dogs and they cant wait to get their morning dental treat the younger dogs teeth are pretty white and i hope to keep them this way but my older dogs teeth have some tartar on them i noticed the tartar has gone down quite a bit after a month of feeding him these treats hope his teeth keep getting better,my dogs love these treats i have 3 small dogs and they cant wait to get their morning dental treat the younger dogs teeth are pretty white and i hope to keep them this way but my older dogs teeth have some tartar on them i noticed the tartar has gone down quite a bit after a month of feeding him these treats hope his teeth keep getting better
290,5,excellent,my bog loves these dental chews more than any other treat i have ever given him  as a bonus they seem to give my dog better smelling breath  just so that it doesnt take you by surprise they will turn your dogs poop a darker shade because of the coloringbr br i highly recommend these,my bog loves these dental chews more than any other treat i have ever given him  as a bonus they seem to give my dog better smelling breath  just so that it doesnt take you by surprise they will turn your dogs poop a darker shade because of the coloringbr br i highly recommend these
291,5,my chihuahua loves these!,i havent been using them long enough to see if they are keeping his teeth clean i am optimistic though once he has finished all 96 i should be able to tellbr he gets one a day and really loves them,i havent been using them long enough to see if they are keeping his teeth clean i am optimistic though once he has finished all 96 i should be able to tellbr he gets one a day and really loves them
292,4,well...,my dogs bad breath went awaybut as for long term health effects i have no idea whether positive or negative my dog likes them and theyve been recommended to me by everyone around amazon tends to beat the box xstores by 57 a box,my dogs bad breath went awaybut as for long term health effects i have no idea whether positive or negative my dog likes them and theyve been recommended to me by everyone around amazon tends to beat the box xstores by 57 a box
293,4,greenies teenie for clean dog teeth,my italian greyhounds loves these greenies for their teeth and have used them for several years as they are very prone to cavities they are 8 years old now,my italian greyhounds loves these greenies for their teeth and have used them for several years as they are very prone to cavities they are 8 years old now
294,5,my dog loves these,ive been giving these dental chews to my chihuahua mix daily when i leave for work in the morning she absolutely loves them and looks forward to them before i started giving these to her she would cry when i was leaving but now she actually gets excited they dont last too long but they last long enough for me to leave without her noticing and these big boxes last for months,ive been giving these dental chews to my chihuahua mix daily when i leave for work in the morning she absolutely loves them and looks forward to them before i started giving these to her she would cry when i was leaving but now she actually gets excited they dont last too long but they last long enough for me to leave without her noticing and these big boxes last for months
295,5,my doggies love these,these are the best doggie treats ever my little dachshunds go crazy for these if i forget to give them their morning greenies they come looking for me in the house and leap in the air and whine until i get up and go to the cabinet and fetch them a greenie they do a good job keeping their breath clean too,these are the best doggie treats ever my little dachshunds go crazy for these if i forget to give them their morning greenies they come looking for me in the house and leap in the air and whine until i get up and go to the cabinet and fetch them a greenie they do a good job keeping their breath clean too
296,5,love greenies!,i have been feeding greenies to my 9 year old schipperke since she was old enough to eat them  she loves them her teeth are exceptionally clean which i attribute to having fed these to her all of these years  my boy schipperke is now 6 and i have feed them to him also  my vet remarks every time i take them for appointments how clean their teeth are  i also brush their teeth most nights so a combined effort and my dogs teeth have never needed to be cleaned which has saved their little bodies from the trauma of anesthesia feed the right size and always watch your animal with any treat,i have been feeding greenies to my 9 year old schipperke since she was old enough to eat them  she loves them her teeth are exceptionally clean which i attribute to having fed these to her all of these years  my boy schipperke is now 6 and i have feed them to him also  my vet remarks every time i take them for appointments how clean their teeth are  i also brush their teeth most nights so a combined effort and my dogs teeth have never needed to be cleaned which has saved their little bodies from the trauma of anesthesia feed the right size and always watch your animal with any treat
297,5,they are the best...,been using greenies for a couple months  i have a toy poodle with a sensitive stomach  so far no issue for herbr br and it is sooo nice no more doggie breath for her  i highly recommend the treat as long as your dog can tolerate  seems like it has helped with the tartar too which is what motivated me for the purchasebr br thanks greenies ,been using greenies for a couple months  i have a toy poodle with a sensitive stomach  so far no issue for herbr br and it is sooo nice no more doggie breath for her  i highly recommend the treat as long as your dog can tolerate  seems like it has helped with the tartar too which is what motivated me for the purchasebr br thanks greenies 
298,5,dog dental chews,a hrefhttpwwwamazoncomgpproductb000kevf32greenies dental chews for dogs regular pack of 27a a great product at a great price my dogs love them,a hrefhttpwwwamazoncomgpproductb000kevf32greenies dental chews for dogs regular pack of 27a a great product at a great price my dogs love them
299,4,dogs love these bones and i can see a difference,these really whiten their teethbr and the dogs love them  works great for my big dogbr the price is why they only get 4 stars,these really whiten their teethbr and the dogs love them  works great for my big dogbr the price is why they only get 4 stars
300,2,dog goes crazy for these,edit i had been giving my dog a half of one of these every day and he was having digestive issues with them i stopped giving them to him and he recovered i will have to lower my rating on these even though he loves the tastebr br i have a havanese dog he is very picky about treats and food he loves these things he goes crazy for them he sometimes wont even eat his regular food evo chicken small bites because he wants one of these first im not sure if they are actually helping his teeth though his teeth are looking kind of gnarly and he is only 3 i dont mind the smell of these treats either,edit i had been giving my dog a half of one of these every day and he was having digestive issues with them i stopped giving them to him and he recovered i will have to lower my rating on these even though he loves the tastebr br i have a havanese dog he is very picky about treats and food he loves these things he goes crazy for them he sometimes wont even eat his regular food evo chicken small bites because he wants one of these first im not sure if they are actually helping his teeth though his teeth are looking kind of gnarly and he is only 3 i dont mind the smell of these treats either
301,5,great price - my dog loves these things!,i shopped a little to find the best price for these treats for my dog this was the best i found and with free shipping it was even better than going to the petstores in my neighborhood,i shopped a little to find the best price for these treats for my dog this was the best i found and with free shipping it was even better than going to the petstores in my neighborhood
302,5,greenies for large dogs,after doing an extensive price comparison we ended up purchasing a double pack from amazon so pleased with the greenies product took one of our dogs for his annual exam yesterday and the doctor mentioned twice how good our boys teeth look yay,after doing an extensive price comparison we ended up purchasing a double pack from amazon so pleased with the greenies product took one of our dogs for his annual exam yesterday and the doctor mentioned twice how good our boys teeth look yay
303,5,wonderful greenies,a friends told me how much her dogs love greenies i was skeptical a dog loves any treat but i decided to buy some to give my dogs and i am sold they just love greenies even my little picky boy who is very choosy soon as he sees the greenies box he runs to get his share from now on they will get a greenies everyday for a treat,a friends told me how much her dogs love greenies i was skeptical a dog loves any treat but i decided to buy some to give my dogs and i am sold they just love greenies even my little picky boy who is very choosy soon as he sees the greenies box he runs to get his share from now on they will get a greenies everyday for a treat
304,5,greenies dental chews,greenies 96 were received quickly in a protective box they were fresh in a resealable bag i would order from vendor again,greenies 96 were received quickly in a protective box they were fresh in a resealable bag i would order from vendor again
305,5,best price available anywhere!!!,i have been buying greenies for years  this company had the best price  very satisfiedbr shipment arrived faster than promised and packaging was original from manufactuer,i have been buying greenies for years  this company had the best price  very satisfiedbr shipment arrived faster than promised and packaging was original from manufactuer
306,4,greenies,ive bought these greenies twice now from amazon  amazon has one of the best prices on the internet but i still feel the product is way too expensive  im now using a cheaper product from walmart that is supposed to do the same thing so far as cleaning teeth,ive bought these greenies twice now from amazon  amazon has one of the best prices on the internet but i still feel the product is way too expensive  im now using a cheaper product from walmart that is supposed to do the same thing so far as cleaning teeth
307,5,tonytada,very cheap compared to buying in the stores great price for this product product was fresh not stale i dont know why they insist on making you put 20 words down for just saying the product is low cost and good,very cheap compared to buying in the stores great price for this product product was fresh not stale i dont know why they insist on making you put 20 words down for just saying the product is low cost and good
308,5,vet says she's got really clean teeth,we give greenies teenie size to our 12year old miniature poodle her doctor has always commented on how clean and healthy her teeth and gums are and has never had to put her under for a cleaning her breath is nicer too since we started giving her greeniesbr br we give her one every day or so and she will carry it around protecting it for an hour or so before settling down and devouring it we tried other brands but she will only accept the best she is terrified of thunderstorms and will come out from under the bed only if we offer her her favorite treat a greenie,we give greenies teenie size to our 12year old miniature poodle her doctor has always commented on how clean and healthy her teeth and gums are and has never had to put her under for a cleaning her breath is nicer too since we started giving her greeniesbr br we give her one every day or so and she will carry it around protecting it for an hour or so before settling down and devouring it we tried other brands but she will only accept the best she is terrified of thunderstorms and will come out from under the bed only if we offer her her favorite treat a greenie
309,5,great price on a great chew,we give our dog one of these per day to help clean her teeth  i dont really know how well they work but she loves them and so were happy to give them to her  amazon has absolutely the best price on these  ive looked extensively  when we call greenie she comes running and takes it to her special greenie chair to enjoy,we give our dog one of these per day to help clean her teeth  i dont really know how well they work but she loves them and so were happy to give them to her  amazon has absolutely the best price on these  ive looked extensively  when we call greenie she comes running and takes it to her special greenie chair to enjoy
310,5,greenies,i always buy greenies for my two dogs  they each get one at night for dessert  i try to get the best price and know that if i go through amazoncom i will be able to see what the best value is,i always buy greenies for my two dogs  they each get one at night for dessert  i try to get the best price and know that if i go through amazoncom i will be able to see what the best value is
311,5,greenies dog chews,this is a great product the puppies just love them and they are great for their teeth and breath at a good price,this is a great product the puppies just love them and they are great for their teeth and breath at a good price
312,5,lily's favorite,my dog lily loves these dental chewsthey are her favorite treat its thebr one treat she looks most forward to every day,my dog lily loves these dental chewsthey are her favorite treat its thebr one treat she looks most forward to every day
313,5,no stomach issues,both my dogs love these treats  they trouble with rawhides and chicken strips but have had not trouble with these,both my dogs love these treats  they trouble with rawhides and chicken strips but have had not trouble with these
314,5,greenies,my dog absolutely loves the greenieshe gets one at night and he thinks its a great treat decent price for treats,my dog absolutely loves the greenieshe gets one at night and he thinks its a great treat decent price for treats
315,5,very good,my toy poodle loves the greenies i give him one every day along with brushing i feel the greenies are helping to keep his teeth clean,my toy poodle loves the greenies i give him one every day along with brushing i feel the greenies are helping to keep his teeth clean
316,5,greenies,my dogs look forward to this treat every morning it helps the breath issue and satisfies the chewing need as well i cant be without them,my dogs look forward to this treat every morning it helps the breath issue and satisfies the chewing need as well i cant be without them
317,5,perfect for our little doggies,our dogs love greenies but of course which doggies dont i bought this for my dashchund and minpin and its perfect a great price for a great product who could ask for more,our dogs love greenies but of course which doggies dont i bought this for my dashchund and minpin and its perfect a great price for a great product who could ask for more
318,5,they're greenies. what else do you need to know?,greenies  my dog loves embr br i like buying them from amazon since theyre so much cheaper than the pet store,greenies  my dog loves embr br i like buying them from amazon since theyre so much cheaper than the pet store
319,5,greenies,you cant go wrong with greenies my dogs love them and go nuts on them only downside to this is that its so soft it gets chewed up quickly so i dont quite see how this will improve the dogs teeth and gumsbr br amazon has the best prices by far and with no tax  amazon prime this by far becomes the cheapest place to buy products,you cant go wrong with greenies my dogs love them and go nuts on them only downside to this is that its so soft it gets chewed up quickly so i dont quite see how this will improve the dogs teeth and gumsbr br amazon has the best prices by far and with no tax  amazon prime this by far becomes the cheapest place to buy products
320,5,our dog loves greenies,greenies are a healthy treat for dogs and they love them  i first bought them while working at a hardwarefeed store to give them a try we were so pleased to find them on amazon at nearly half the price  every dog owner should try them they come in all sizes for all dogs and really do keep their teeth in great condition,greenies are a healthy treat for dogs and they love them  i first bought them while working at a hardwarefeed store to give them a try we were so pleased to find them on amazon at nearly half the price  every dog owner should try them they come in all sizes for all dogs and really do keep their teeth in great condition
321,4,dogs really like them,my dogs love these they start drooling everytime they get these not really sure if they do anything for their teethbreath gave it 4 stars instead of 5 stars just because these are alittle pricey considering they are gone in like 30 seconds,my dogs love these they start drooling everytime they get these not really sure if they do anything for their teethbreath gave it 4 stars instead of 5 stars just because these are alittle pricey considering they are gone in like 30 seconds
322,5,will order again,very quick delivery and same quality goods  cheaper than buying them at the actual pet store  so ill be ordering again when i run out  my dogs love them and their breath is a lot better,very quick delivery and same quality goods  cheaper than buying them at the actual pet store  so ill be ordering again when i run out  my dogs love them and their breath is a lot better
323,5,great price on an item he's crazy about,my 60 lb ridgebackmix is just crazy about these  by about 1030p he starts anticipating getting his nighttime treat and he wont leave me alone until i give him his greenie  i had a sheltiemix who didnt care for greenies but this guy loves em  the vet says theyre good for him and weve never experienced any problems digestively speaking so if your four pawed friend is a greenie fan too this is certainly a great price  shipping was reasonable as well  particularly when ordering several boxes  and quick,my 60 lb ridgebackmix is just crazy about these  by about 1030p he starts anticipating getting his nighttime treat and he wont leave me alone until i give him his greenie  i had a sheltiemix who didnt care for greenies but this guy loves em  the vet says theyre good for him and weve never experienced any problems digestively speaking so if your four pawed friend is a greenie fan too this is certainly a great price  shipping was reasonable as well  particularly when ordering several boxes  and quick
324,1,greenies lite - not for dogs who had the taste of regular greenies,my little dog whos rather picky about his treats absolutely loves greenies regular  as hes getting older i thought id go for the lite since im sure regular greenies have a lot higher calories  so i bought greenies lite teenie 96 pack and he sniffed at the first one and literally pushed it away with his nose and several more attempts have gone unsuccessful and ive been just handing them out to my friends lesspicky dogs  had to buy a tub of greenies regular and surely enough he sniffed at it did his dance grabbed it and ran away well he was so happy he skipped away with it  when i smell it the regular definitely smells bettermore appetizing whereas the lite has the blah smell to it  so if your dog already had a taste of regular greenies i suggest you stick with the regular,my little dog whos rather picky about his treats absolutely loves greenies regular  as hes getting older i thought id go for the lite since im sure regular greenies have a lot higher calories  so i bought greenies lite teenie 96 pack and he sniffed at the first one and literally pushed it away with his nose and several more attempts have gone unsuccessful and ive been just handing them out to my friends lesspicky dogs  had to buy a tub of greenies regular and surely enough he sniffed at it did his dance grabbed it and ran away well he was so happy he skipped away with it  when i smell it the regular definitely smells bettermore appetizing whereas the lite has the blah smell to it  so if your dog already had a taste of regular greenies i suggest you stick with the regular
325,5,greenies dental chews,my postman started giving maddie greenies when she was about a year old when he stopped i had to purchase them myself she has one each day she is now 13 12 she loves them i feel they are good for the gums and teeth she has had very few pulled looks good for a senior  i would highly recommend them to any one who has a pet,my postman started giving maddie greenies when she was about a year old when he stopped i had to purchase them myself she has one each day she is now 13 12 she loves them i feel they are good for the gums and teeth she has had very few pulled looks good for a senior  i would highly recommend them to any one who has a pet
326,5,dogs favorite treat,ive yet to meet a dog that wasnt absolutely nutty about greenies so being able to order them here at a comparatively economical price is wonderful we keep them on hand if we didnt our dogs would riot,ive yet to meet a dog that wasnt absolutely nutty about greenies so being able to order them here at a comparatively economical price is wonderful we keep them on hand if we didnt our dogs would riot
327,5,"for now fine, will know more at next physical",my dog really enjoys these as a daily treat however until she has her next physical i really cant evaluate these properly i will try to remember to update after her physical so i can report back if her tartar buildup has been reduced or eliminated our vet said they work if your dog chews them slowly our dog goes through them pretty fast so i am not sure if they are going to be effective we decided to give them a year and see what happens,my dog really enjoys these as a daily treat however until she has her next physical i really cant evaluate these properly i will try to remember to update after her physical so i can report back if her tartar buildup has been reduced or eliminated our vet said they work if your dog chews them slowly our dog goes through them pretty fast so i am not sure if they are going to be effective we decided to give them a year and see what happens
328,5,love these for my old guy...,even though these are pricey my old aussie shep loves them i am glad there is a special senior formula thanks greenies,even though these are pricey my old aussie shep loves them i am glad there is a special senior formula thanks greenies
329,5,great for treats and teeth,these greenies are a great buy i used to get the petite size for my biconpoodle and my bichon but found that you get more treats with the teenies and the dogs enjoy them just as much so if you have small dogs up to say 25 or 30 pounds the teenies are the best i dont think you can find them any cheaper,these greenies are a great buy i used to get the petite size for my biconpoodle and my bichon but found that you get more treats with the teenies and the dogs enjoy them just as much so if you have small dogs up to say 25 or 30 pounds the teenies are the best i dont think you can find them any cheaper
330,5,dogs love greenies,dogs love these things they sit around the cupboard begging for more these are a great training tool for a food motivated dog,dogs love these things they sit around the cupboard begging for more these are a great training tool for a food motivated dog
331,4,pooch loves them...breath and teeth are nice,my puppy loves them she burns through them like nobodys business and they give her a softer stool but she really goes nuts for them she has no tartar and nice breath though,my puppy loves them she burns through them like nobodys business and they give her a softer stool but she really goes nuts for them she has no tartar and nice breath though
332,5,dogs love greenies,my dogs love these things they would eat the entire box at once if they could ask them who wants a greenie and they run to the cupboard and bark,my dogs love these things they would eat the entire box at once if they could ask them who wants a greenie and they run to the cupboard and bark
333,5,my dogs love them,i purchased these for my dogs for thier teeth cleaning capabilities my dogs love them and the price on amazon was much better than in the stores they do help with cleaning the tarter off of my dogs teeth,i purchased these for my dogs for thier teeth cleaning capabilities my dogs love them and the price on amazon was much better than in the stores they do help with cleaning the tarter off of my dogs teeth
334,5,greenies,my dog loves these greenies  they are very addictive they have become his all time favorite treat they are a little expensive but helps keep his teeth clean and he enjoys them so much,my dog loves these greenies  they are very addictive they have become his all time favorite treat they are a little expensive but helps keep his teeth clean and he enjoys them so much
335,5,puppy loves the greenies!,this is a favorite treat of our 7 month old standard poodle puppy he is an aggressive chewer so we need something which will occupy him the greenie really seems to satisfy   after chewing through it which admittedly only takes a few minutes he will lie down and stop bothering us during dinnerbr br i wish these were less expensive each greenie costs about 150 so it pains me a little to see it evaporate so quickly but that is a function of my dog not the product,this is a favorite treat of our 7 month old standard poodle puppy he is an aggressive chewer so we need something which will occupy him the greenie really seems to satisfy   after chewing through it which admittedly only takes a few minutes he will lie down and stop bothering us during dinnerbr br i wish these were less expensive each greenie costs about 150 so it pains me a little to see it evaporate so quickly but that is a function of my dog not the product
336,5,ambers greenies,amber loves her greenies and they sure help to keep her teeth cleani hope this continues and i can avoid another expensivedentel billfrom her vet,amber loves her greenies and they sure help to keep her teeth cleani hope this continues and i can avoid another expensivedentel billfrom her vet
337,4,good value - good price,this product is a good value good price  greenies can be much more expensive in pet food store  item is delivered quickly and it is sealed  they always seem to be fresh and consistent  i feed my dog 1 day so i go through them quickly,this product is a good value good price  greenies can be much more expensive in pet food store  item is delivered quickly and it is sealed  they always seem to be fresh and consistent  i feed my dog 1 day so i go through them quickly
338,5,"great buy, my dogs are addicted to greenies.",this is a great buy i was paying over twice as much for a box of them all three of my poms love greenies and expect them every morning ,this is a great buy i was paying over twice as much for a box of them all three of my poms love greenies and expect them every morning 
339,5,greenies,my dog sadie loves these bones  they are her absolute favorite usually after i give her a different bone she just likes to be chased around the bedroom alot but with these one quick chase and she lays right down to chow on it once a week or longer is all i spoil her with these making them even more special,my dog sadie loves these bones  they are her absolute favorite usually after i give her a different bone she just likes to be chased around the bedroom alot but with these one quick chase and she lays right down to chow on it once a week or longer is all i spoil her with these making them even more special
340,5,greenies from amazon,the price is excellent and the product arrived in a timely manner  i will always buy this product from amazon,the price is excellent and the product arrived in a timely manner  i will always buy this product from amazon
341,5,good value!,good value for a lot of treats my dog absolutely loves these and its awesome that they sell them on amazon for half the price of what they would sell it for at a pet store will continue buying from here as long as theyre available ,good value for a lot of treats my dog absolutely loves these and its awesome that they sell them on amazon for half the price of what they would sell it for at a pet store will continue buying from here as long as theyre available 
342,5,crazy for greenies,my dogs are crazy for greenies  i love that they come in so many sizes  i have two dogs and the teenies are perfect for my little dog and the petite are great for my medium dog,my dogs are crazy for greenies  i love that they come in so many sizes  i have two dogs and the teenies are perfect for my little dog and the petite are great for my medium dog
343,5,my dogs love greenies!,my three dogs love greenies  so much so that they know the exact time every evening they are supposed to get them they act like kids in a candy store,my three dogs love greenies  so much so that they know the exact time every evening they are supposed to get them they act like kids in a candy store
344,4,do seems to like them...,we bought these because of the dogs bad breath he seems to like them his breath is better and they have not caused him any problems,we bought these because of the dogs bad breath he seems to like them his breath is better and they have not caused him any problems
345,5,our dogs know when it is time for their greenie,every evening about the same time our two dogs know when it is time for their greenie treat they will both come and sit in front of us and patiently wait for us to get their treat if we are busy and ignore them they will give a soft cry to get our attention each one only gets one a day but other than walks petting and their dinner the greenie is a highlight of their day,every evening about the same time our two dogs know when it is time for their greenie treat they will both come and sit in front of us and patiently wait for us to get their treat if we are busy and ignore them they will give a soft cry to get our attention each one only gets one a day but other than walks petting and their dinner the greenie is a highlight of their day
346,5,my dogs love greenies,i have two boston terriers and a terrier mixbr they wait in line for these every morningbr their breath is much betterbr they are a little pricey but worth it,i have two boston terriers and a terrier mixbr they wait in line for these every morningbr their breath is much betterbr they are a little pricey but worth it
347,5,ultra clean teeth,awesome product for keeping my doggies teeth clean and tarter free it must be used everyday to be effective i would highly recommend it for any breed,awesome product for keeping my doggies teeth clean and tarter free it must be used everyday to be effective i would highly recommend it for any breed
348,5,"fat free, good for oral hygene and the very favorite of my dog",finding this product on amazon was like finding an unexpected christmas presentbr br highly recommend by the vet because of price i save it for special occasion always once a day and by far the treat my dog just loves  true story  since i am not able to walk my dog when the mail lady delivers my mail she often leaves screen door  open so scrappy can take off and run for exercize  she leaves screen door open whe he has been out running when he should be back the mail lady hollers greenie greenie and this 15 of black fur runs full speed ahead into the patio and the door inside which i left open  a good testiment for a fantastic product,finding this product on amazon was like finding an unexpected christmas presentbr br highly recommend by the vet because of price i save it for special occasion always once a day and by far the treat my dog just loves  true story  since i am not able to walk my dog when the mail lady delivers my mail she often leaves screen door  open so scrappy can take off and run for exercize  she leaves screen door open whe he has been out running when he should be back the mail lady hollers greenie greenie and this 15 of black fur runs full speed ahead into the patio and the door inside which i left open  a good testiment for a fantastic product
349,5,our dog has fresh breath,no doggie breath for our dog  people are always commenting that she doesnt have bad breath and her teeth look so clean  a friend of ours who runs a veterinary and rescue clinic recommended them to us when our dog was very little and weve sworn by them ever since,no doggie breath for our dog  people are always commenting that she doesnt have bad breath and her teeth look so clean  a friend of ours who runs a veterinary and rescue clinic recommended them to us when our dog was very little and weve sworn by them ever since
350,5,my dog loves greenies and they are very well priced on amazon!,my little loved one gets a greenie a day he loves them i shop around for the best price on everything i buy and amazon had the lowest price,my little loved one gets a greenie a day he loves them i shop around for the best price on everything i buy and amazon had the lowest price
351,5,excellent teeth cleaner,greenies are very muched loved as a tatsy treat by are two small dogs at 96 chews they last a long time,greenies are very muched loved as a tatsy treat by are two small dogs at 96 chews they last a long time
352,5,my dogs love them,i have 3 dogs and they each love greenies and they know exactly where i hide them so when i am close to the treat door they get all excited  in addition my boys have the freshest breath at the dog park,i have 3 dogs and they each love greenies and they know exactly where i hide them so when i am close to the treat door they get all excited  in addition my boys have the freshest breath at the dog park
353,5,3 dackels joy,being the mom of three mini wirehair doxies i spend a lot of money on a number of things  imagine my surprise to find such a bargain of greenies on amazon  i really must make a habit of first checking any purchases to see if available on amazon  hang tough on the ca sales tax issue i live in ca and i am taxed enough already,being the mom of three mini wirehair doxies i spend a lot of money on a number of things  imagine my surprise to find such a bargain of greenies on amazon  i really must make a habit of first checking any purchases to see if available on amazon  hang tough on the ca sales tax issue i live in ca and i am taxed enough already
354,5,ambers favorite,my girl amber just loves her greeniesshe knowes where i keep them and lets me know when she wants one,my girl amber just loves her greeniesshe knowes where i keep them and lets me know when she wants one
355,5,way cheaper than your local pet supply store!,our vet recommended this for our dog it was selling for 3799 at our local pet supply store found it here for way less,our vet recommended this for our dog it was selling for 3799 at our local pet supply store found it here for way less
356,5,greenies,my pug misty is 7 years old i have given her greenies seince she was 4 months old i give her 1 a day as a treat i give them on the second time she goes out side in the morning and she loves them more than anything else that she gets and she knows what time it is her teeth have been cleaned once the vet said her teeth are perfect i buy greenies from amazon beacause the service and the price is the best there is  billy j  alabama,my pug misty is 7 years old i have given her greenies seince she was 4 months old i give her 1 a day as a treat i give them on the second time she goes out side in the morning and she loves them more than anything else that she gets and she knows what time it is her teeth have been cleaned once the vet said her teeth are perfect i buy greenies from amazon beacause the service and the price is the best there is  billy j  alabama
357,5,most competitive price around!,one of my two male shihtzus absolutely lives for his greenie which he knows he gets to have after our morning walk so they are an item that i cannot run out of i havent tasted the myself not being a dog and they do not smell good to me either but i buy these regularly and the ones i purchased here are the best price i have seen,one of my two male shihtzus absolutely lives for his greenie which he knows he gets to have after our morning walk so they are an item that i cannot run out of i havent tasted the myself not being a dog and they do not smell good to me either but i buy these regularly and the ones i purchased here are the best price i have seen
358,5,minty fresh breathe,when i first picked up my puppy he didnt like any treats  i was worried and asked  a coworker about what treats his dog likes  he mentioned how much his dog liked the greenies  i went to the store picked up a bag and i have been giving my puppy a greenie ever since  he loves them and his breathe is much more fresh now  his favorite treat,when i first picked up my puppy he didnt like any treats  i was worried and asked  a coworker about what treats his dog likes  he mentioned how much his dog liked the greenies  i went to the store picked up a bag and i have been giving my puppy a greenie ever since  he loves them and his breathe is much more fresh now  his favorite treat
359,5,wonderful chewy healthy treat,my yorky absolutely loves greenies chews  they are good for him so i am very glad that he likes them so well  they have a pleasant smell even to me  my cats love greenies too the feline variety  i recommend them highly,my yorky absolutely loves greenies chews  they are good for him so i am very glad that he likes them so well  they have a pleasant smell even to me  my cats love greenies too the feline variety  i recommend them highly
360,5,best dog treats,my dog loves these treats  he gets one every morning after he goes outside and waits by the treat cabinet to get it  they seem to be working great for his teeth  we never brush his teeth hes six years old and the vet just said he doesnt need to have a teeth cleaning as his teeth look great  i wish these were available on a subscription so theyd just come automatically,my dog loves these treats  he gets one every morning after he goes outside and waits by the treat cabinet to get it  they seem to be working great for his teeth  we never brush his teeth hes six years old and the vet just said he doesnt need to have a teeth cleaning as his teeth look great  i wish these were available on a subscription so theyd just come automatically
361,5,am never without teenie greenies,ive got two adopted rescue chihuahuas    they would run me out of town on a rail if they didnt get their daily teenie greenies    amazon has the best price around for this product    its a winner all around   ,ive got two adopted rescue chihuahuas    they would run me out of town on a rail if they didnt get their daily teenie greenies    amazon has the best price around for this product    its a winner all around   
362,5,much cheaper then in stores!,this is a great deal at 25 per bag at the local pet store i couldnt afford them i have three dogs now i can order these anytime,this is a great deal at 25 per bag at the local pet store i couldnt afford them i have three dogs now i can order these anytime
363,5,my 2 dachshunds love these,my two little boys love these treats so much in fact that ive been cutting them in half so they can have them more than once a day i honestly cant say that they reduce tartar but i can see how they would with their chewy texture,my two little boys love these treats so much in fact that ive been cutting them in half so they can have them more than once a day i honestly cant say that they reduce tartar but i can see how they would with their chewy texture
364,5,dogs love them,i have 3 90 pound dogs and i buy these in the 27 count boxes 2 at a timebr each dog chews them as if they are munching on gold its like they are savoring each bite which is all the better for cleaning their teethbr my veterinarian even noticed a difference in my dogs teeth after only 2 weeks like another contributor i give them last thing at night before bed and i have dont know if the 2 are related but night time doggie gas has all but disappeared as welllol,i have 3 90 pound dogs and i buy these in the 27 count boxes 2 at a timebr each dog chews them as if they are munching on gold its like they are savoring each bite which is all the better for cleaning their teethbr my veterinarian even noticed a difference in my dogs teeth after only 2 weeks like another contributor i give them last thing at night before bed and i have dont know if the 2 are related but night time doggie gas has all but disappeared as welllol
365,5,great dental treats...,our shiba loves these over a three week period we have observed a reasonable reduction in the amount of tarter on his teeth especially the molarsbr br we would continue to buy them from amazon if the price were lower however a large shoppers club sells essentially the same product ingredients and including the capped box and inner packaging while offering the product at a consistently lower cost 1012 per unit,our shiba loves these over a three week period we have observed a reasonable reduction in the amount of tarter on his teeth especially the molarsbr br we would continue to buy them from amazon if the price were lower however a large shoppers club sells essentially the same product ingredients and including the capped box and inner packaging while offering the product at a consistently lower cost 1012 per unit
366,5,dogs love them,good price im not sure how they help with their teeth but my one dog just had teeth cleaned and just started giving these to her so will see if its worth the price at the vet,good price im not sure how they help with their teeth but my one dog just had teeth cleaned and just started giving these to her so will see if its worth the price at the vet
367,5,great doggie treats,my little pom absolutely loves the greenies dental chews amazon provides the bigger pack of 96 at a cheaper price than you can find in stores when they arrived today i told my dog her treats were here and she knew exactly what i was talking about she was jumping up and down and could hardly wait for me to open the package as soon as i got it opened she grabbed her little greenie and went to town,my little pom absolutely loves the greenies dental chews amazon provides the bigger pack of 96 at a cheaper price than you can find in stores when they arrived today i told my dog her treats were here and she knew exactly what i was talking about she was jumping up and down and could hardly wait for me to open the package as soon as i got it opened she grabbed her little greenie and went to town
368,5,greenies are a great treat,i have 2 boxers 1 is 16 mos and the other is 11 months the older one often gets what my husband and i call shrimp breath the younger one has lots of digestive issues they both get 1 greenie a week vet says their teeth look great and its helped with the bad breath also doesnt give the little one runny poop which is nice only problem is they are expensive thats why they get one a week,i have 2 boxers 1 is 16 mos and the other is 11 months the older one often gets what my husband and i call shrimp breath the younger one has lots of digestive issues they both get 1 greenie a week vet says their teeth look great and its helped with the bad breath also doesnt give the little one runny poop which is nice only problem is they are expensive thats why they get one a week
369,5,my dog loves greenies,my dog shadow  loves greenies more than any treat hes a pomeranian and gets the teenies and are we in trouble if we run out  i just bought the tub of 96 on amazon for less than half the money that the small packages cost at the store debbie,my dog shadow  loves greenies more than any treat hes a pomeranian and gets the teenies and are we in trouble if we run out  i just bought the tub of 96 on amazon for less than half the money that the small packages cost at the store debbie
370,5,dogs love it,im not sure this helps the tarter since my dogs need their teeth cleaned every other year but i can tell you they really love this stuff  it does seem to help their breath probably by settling their stomachs and they never had a bad reaction to this treat,im not sure this helps the tarter since my dogs need their teeth cleaned every other year but i can tell you they really love this stuff  it does seem to help their breath probably by settling their stomachs and they never had a bad reaction to this treat
371,5,dogs love,all 3 of my dogspom yorkie rat terrier love these i just received my 2nd order wish these were on sub and save,all 3 of my dogspom yorkie rat terrier love these i just received my 2nd order wish these were on sub and save
372,5,greenies,my dogs love the greenies and their breath is alway good smelling a good productbr i purchased this through amazon for a better prlice than i normally get  this is an expensive little treat but worth it,my dogs love the greenies and their breath is alway good smelling a good productbr i purchased this through amazon for a better prlice than i normally get  this is an expensive little treat but worth it
373,5,excellent deal!,best deal on greenies out there came fast and without any problems my dog loves them and they make his breath smell good,best deal on greenies out there came fast and without any problems my dog loves them and they make his breath smell good
374,5,freshens breath and my yorkie loves 'em!!,when my yorkie was about 10 12 years old her breath suddenly became extremely nasty  i thought perhaps the malodorous breath was caused by a bad tooth so i took her to the vet for her annual checkup  the vet gave her a clean bill of health and suggested i have her teeth cleaned at the price of over 350  well before forking over the big bucks i thought id try brushing her teeth myself and headed to petco to buy some doggie toothpaste  i found the toothpaste and continued to walk around the store because spunky just loves her petco outings  i let her sniff her way down the doggie treats aisle when we bumped into the boxes of greenies  after checking out a box i thought it was certinaly worth a shot so i bought a box of 96count teenies for 35br br as soon as we arrived home i attempted to brush her teeth the best that i could and then gave her one greenie  she seemed to really enjoy it  i typically buy everything on amazon so i jumped on here to check the price and was pleasantly surprised to see that the cost was 10 less than petcos  i immediately ordered them from amazon and when that box arrived a day later i took that unopened box over to petco and returned it to them to get my 35 back   very sweet dealbr br my dog is now a greenies addict with sweet breath again  i should create a video review sometime because its hilarious to see this little yorkie yelling for me outside of the pantry door  she knows exactly where the greenies are and every morning she runs over to the pantry and just barks for me to get her a greenie  i allow her to have two greenies per day and she seems to know thats her quota  both spunky and i are very happy with greenies and will continue to buy them,when my yorkie was about 10 12 years old her breath suddenly became extremely nasty  i thought perhaps the malodorous breath was caused by a bad tooth so i took her to the vet for her annual checkup  the vet gave her a clean bill of health and suggested i have her teeth cleaned at the price of over 350  well before forking over the big bucks i thought id try brushing her teeth myself and headed to petco to buy some doggie toothpaste  i found the toothpaste and continued to walk around the store because spunky just loves her petco outings  i let her sniff her way down the doggie treats aisle when we bumped into the boxes of greenies  after checking out a box i thought it was certinaly worth a shot so i bought a box of 96count teenies for 35br br as soon as we arrived home i attempted to brush her teeth the best that i could and then gave her one greenie  she seemed to really enjoy it  i typically buy everything on amazon so i jumped on here to check the price and was pleasantly surprised to see that the cost was 10 less than petcos  i immediately ordered them from amazon and when that box arrived a day later i took that unopened box over to petco and returned it to them to get my 35 back   very sweet dealbr br my dog is now a greenies addict with sweet breath again  i should create a video review sometime because its hilarious to see this little yorkie yelling for me outside of the pantry door  she knows exactly where the greenies are and every morning she runs over to the pantry and just barks for me to get her a greenie  i allow her to have two greenies per day and she seems to know thats her quota  both spunky and i are very happy with greenies and will continue to buy them
375,5,it's like crack for dogs,these things arent cheap but theres nothing that gets my dog more excited than the thought of getting a greenie whatever is inside of them is something he cant get enough of i dont know about whether they are healthy they dont seem to clean his teeth but they certainly make him a very happy pooch,these things arent cheap but theres nothing that gets my dog more excited than the thought of getting a greenie whatever is inside of them is something he cant get enough of i dont know about whether they are healthy they dont seem to clean his teeth but they certainly make him a very happy pooch
376,5,best price - great quality product,my dog loves these things  one in the morningbr br everyone makes a compliment  on her breath smelling good,my dog loves these things  one in the morningbr br everyone makes a compliment  on her breath smelling good
377,5,absolutely fabulous,i have a notoriously finicky chihuahua who wouldnt eat a regular dog treat if you coated it the best tasting thing on earth and she certainly wouldnt let me brush her teeth ever since the first time i gave her a greenie my dog has gone nuts for these things on our last trip to the vet they examined her teeth because i expressed concern that her overbite was preventing the greenies from as effective as they should be she cant really chew properly with the front teethbr br this vet wasnt our usual vet because we went on a different day but he looked at her teeth and asked how old she was i said almost three and he asked if id had her in to have her teeth cleaned before no i didnt know dogs could have their teeth cleanedbr br he went on to say that on a scale of one to four one being the best and four being the worst her teeth were a perfect one which was surprising because chihuahuas have teeth problems early on usually i explained that id been using the greenies since she was nine months oldbr br i give her one greenie every morning because they are so cheap on amazon in the store i pay twenty five dollars for a bag of twenty i pay twenty two dollars on amazon for a box of ninety six its easy to give her one daily she is still marginally underweight so i cant say they make her gain weight she has no digestive issues and doesnt seem to be suffering from having them her breath is fresh her teeth are white and tartar free and shes a very happy dog,i have a notoriously finicky chihuahua who wouldnt eat a regular dog treat if you coated it the best tasting thing on earth and she certainly wouldnt let me brush her teeth ever since the first time i gave her a greenie my dog has gone nuts for these things on our last trip to the vet they examined her teeth because i expressed concern that her overbite was preventing the greenies from as effective as they should be she cant really chew properly with the front teethbr br this vet wasnt our usual vet because we went on a different day but he looked at her teeth and asked how old she was i said almost three and he asked if id had her in to have her teeth cleaned before no i didnt know dogs could have their teeth cleanedbr br he went on to say that on a scale of one to four one being the best and four being the worst her teeth were a perfect one which was surprising because chihuahuas have teeth problems early on usually i explained that id been using the greenies since she was nine months oldbr br i give her one greenie every morning because they are so cheap on amazon in the store i pay twenty five dollars for a bag of twenty i pay twenty two dollars on amazon for a box of ninety six its easy to give her one daily she is still marginally underweight so i cant say they make her gain weight she has no digestive issues and doesnt seem to be suffering from having them her breath is fresh her teeth are white and tartar free and shes a very happy dog
378,5,great product for your dog !,have used greenies since they came out and they definitely help keep your dogs teeth clean my dog gets excited about being treated to a greenie everyday the pricing was very attractive through amazon as much as half of what you would pay at a pet store very impressed with the product,have used greenies since they came out and they definitely help keep your dogs teeth clean my dog gets excited about being treated to a greenie everyday the pricing was very attractive through amazon as much as half of what you would pay at a pet store very impressed with the product
379,5,my dog loves this,well the ingredients list is a little questionable to me personallybr however after comparing to most other brands such as nylabone pegetables etc they all seem the samebr this is economically priced so it does not break the bankbr my dog loves and goes crazy for it and i havent heard of any problemsrecalls with this productbr br so overall its great i guess,well the ingredients list is a little questionable to me personallybr however after comparing to most other brands such as nylabone pegetables etc they all seem the samebr this is economically priced so it does not break the bankbr my dog loves and goes crazy for it and i havent heard of any problemsrecalls with this productbr br so overall its great i guess
380,5,my greyhounds love teenie greenies,i have two 6065 lb greyhounds and i buy the teenie sized greenies as a snack twice a day  i use it as a bribe in order to get their teeth brushed  im not sure how well they work for deterring tartar but they seem to love it  doesnt seem to cause any digestive problems as my hounds have sensitive stomachs  another reason why i like the teenie size is becacause they can be rationed out to last longer rather than getting the large or xlg greenie where you get fewer pieces,i have two 6065 lb greyhounds and i buy the teenie sized greenies as a snack twice a day  i use it as a bribe in order to get their teeth brushed  im not sure how well they work for deterring tartar but they seem to love it  doesnt seem to cause any digestive problems as my hounds have sensitive stomachs  another reason why i like the teenie size is becacause they can be rationed out to last longer rather than getting the large or xlg greenie where you get fewer pieces
381,5,it does work!,our cute little dog had the breath from hell this product actually works she loves them as treats and her breath is waaaaaaay better,our cute little dog had the breath from hell this product actually works she loves them as treats and her breath is waaaaaaay better
382,5,dogs love 'em,our dogs love these  the vet always compliments us on brushing the dogs teeth but we never have  seriously if someone has ever accomplished this without the dog making various dramatic escape attempts and trying to eat the toothpaste please tell me your secret  we just give them each one of these every day and a bunch of rawhide to chew on seems to do the trick,our dogs love these  the vet always compliments us on brushing the dogs teeth but we never have  seriously if someone has ever accomplished this without the dog making various dramatic escape attempts and trying to eat the toothpaste please tell me your secret  we just give them each one of these every day and a bunch of rawhide to chew on seems to do the trick
383,5,great  buy,exactly what i ordered product was just as if i had bought it in the store only a way better deal fast shipment very satisfied with this transaction will definitely do business with this merchant again if they have what i am in the market for,exactly what i ordered product was just as if i had bought it in the store only a way better deal fast shipment very satisfied with this transaction will definitely do business with this merchant again if they have what i am in the market for
384,5,my dog  loves them,maddie loves her greenie treatsshe would eat the whole box if i allowed herthe treats are very special to heras soon as i give her one she heads for the couch away from everybodyso she can relish her treat in privatealso good for her teethgreat treats for my little dogvery pleased with them,maddie loves her greenie treatsshe would eat the whole box if i allowed herthe treats are very special to heras soon as i give her one she heads for the couch away from everybodyso she can relish her treat in privatealso good for her teethgreat treats for my little dogvery pleased with them
385,5,greenies are good!,for the past 5 years my dog has been starting his day with a greenie  he still gets excited about this morning treat and appears disappointed when i run out  since he controls the household i buy them,for the past 5 years my dog has been starting his day with a greenie  he still gets excited about this morning treat and appears disappointed when i run out  since he controls the household i buy them
386,5,greenies dental chews,my dog a 13 year old bichon frise has been loving these greenies for many years our vet says that his teeth and gums are excellent although he has never had his teeth cleaned or brushed could it be the greenies im sure of ita hrefhttpwwwamazoncomgpproductb000kevf32greenies dental chews for dogs regular pack of 27a,my dog a 13 year old bichon frise has been loving these greenies for many years our vet says that his teeth and gums are excellent although he has never had his teeth cleaned or brushed could it be the greenies im sure of ita hrefhttpwwwamazoncomgpproductb000kevf32greenies dental chews for dogs regular pack of 27a
387,5,great snack,we get the regular and the petite for after meal or instead of meal treats  brutus and popeye review this product at 12 out of 10  until we tried greenies brutus turned his nose up on almost everything we gave him  now he has something he really enjoys  popeye on the other hand is a different story  he would eat the box so we cant use him as a judge,we get the regular and the petite for after meal or instead of meal treats  brutus and popeye review this product at 12 out of 10  until we tried greenies brutus turned his nose up on almost everything we gave him  now he has something he really enjoys  popeye on the other hand is a different story  he would eat the box so we cant use him as a judge
388,5,my fussy little dog's favorite treat,i usually buy these at the pet store but the price was great and the product arrived fresh these little chewies are a boon for dogs dental health but also for their digestive tract highly digestible just the right amount of chew for my older doggreenies are a great adjunct to yearly cleaning they do not take the place of cleaning and dental decay is a huge problem in dogs as they age i want my special girl to stay healthy pain free and happy as long as she canand greenies make her healthy happy and sweet breathed,i usually buy these at the pet store but the price was great and the product arrived fresh these little chewies are a boon for dogs dental health but also for their digestive tract highly digestible just the right amount of chew for my older doggreenies are a great adjunct to yearly cleaning they do not take the place of cleaning and dental decay is a huge problem in dogs as they age i want my special girl to stay healthy pain free and happy as long as she canand greenies make her healthy happy and sweet breathed
389,5,excellent product,our dog loves these and our vet agrees that it helps keep her breath fresh and her teeth clean  and this is the best pricing ive found so far your dog will love you even more,our dog loves these and our vet agrees that it helps keep her breath fresh and her teeth clean  and this is the best pricing ive found so far your dog will love you even more
390,5,gives dog great breath,these are a bit expensive but when it comes to your pet especially one with bad breat like mine its worth it my bog is 65 pounds but i give her the petite be causes it saves money and cuts calories i have tried everything to get her breath smelling decent or even bearable and this is the only thing one petite greenie once a day or once every two days keeps her breath minty fresh its also grt for their teeth she hasnt had to have her teeth cleaned at the vet once since she started eating these,these are a bit expensive but when it comes to your pet especially one with bad breat like mine its worth it my bog is 65 pounds but i give her the petite be causes it saves money and cuts calories i have tried everything to get her breath smelling decent or even bearable and this is the only thing one petite greenie once a day or once every two days keeps her breath minty fresh its also grt for their teeth she hasnt had to have her teeth cleaned at the vet once since she started eating these
391,5,greenies work,i wish these things werent so expensive because theyre the only thing that seems to work for my dogs awful breath,i wish these things werent so expensive because theyre the only thing that seems to work for my dogs awful breath
392,5,greenies rock!,i used to buy these at petsmart  not anymore  same exact product considerably cheaper  i usually tack them on to other orders to take advantage of free shipping  god forbid i dont have a supply of greenies in the house,i used to buy these at petsmart  not anymore  same exact product considerably cheaper  i usually tack them on to other orders to take advantage of free shipping  god forbid i dont have a supply of greenies in the house
393,5,greenies are treats!,my dog loves these  he has learned the word greenie its good for him but he treats it like a favored treat  i only use one a day but he has accepted that and loves them  they are good for his teeth  he has better teeth than i do,my dog loves these  he has learned the word greenie its good for him but he treats it like a favored treat  i only use one a day but he has accepted that and loves them  they are good for his teeth  he has better teeth than i do
394,4,dog loves them,this is a great product to help maintain dog dental care my dog looks forward to getting her treat every night,this is a great product to help maintain dog dental care my dog looks forward to getting her treat every night
395,4,the wonder dog's favorite,my vet recommended these and the wonder dog loves them theyre a bit pricey and smell terrible to me but apparently smell great to a dog,my vet recommended these and the wonder dog loves them theyre a bit pricey and smell terrible to me but apparently smell great to a dog
396,5,greenies teeth biscuits,i love this product  my dog would not chew on toys or rawhide things and her teeth were getting brown in the back from just foods she ate without cleaning them my vet told me about greenies so i went on a search online for the best prices they are wonderful she gets one a day chews it so it actually is helping with her teeth cleaning its all natural and even her breath smells better ,i love this product  my dog would not chew on toys or rawhide things and her teeth were getting brown in the back from just foods she ate without cleaning them my vet told me about greenies so i went on a search online for the best prices they are wonderful she gets one a day chews it so it actually is helping with her teeth cleaning its all natural and even her breath smells better 
397,5,dog love them and one of these works for about 3 to 4 days on our boxer.,these are minis but seriously plenty for even a bigger dog like a boxer  we give it to mocha about 2 to 3 times a week to keep here breath from smelling like the crypt keepers shorts   ,these are minis but seriously plenty for even a bigger dog like a boxer  we give it to mocha about 2 to 3 times a week to keep here breath from smelling like the crypt keepers shorts   
398,5,my dogs love these,i have never seen my dogs as happy as when they seem me take out the greenies bag  they are pricey but what can you do,i have never seen my dogs as happy as when they seem me take out the greenies bag  they are pricey but what can you do
399,5,greenies dog chews,this was an awesome deal  i will absolutely continue to buy these through amazon now i have 2 dogs and it would have been getting really costly at the old place i purchased them from  thank you,this was an awesome deal  i will absolutely continue to buy these through amazon now i have 2 dogs and it would have been getting really costly at the old place i purchased them from  thank you
400,5,great treat,i have two rescue beagles and they get one greenie per day  geat treat and they love them  also good for their teeth,i have two rescue beagles and they get one greenie per day  geat treat and they love them  also good for their teeth
401,5,greenies are the bomb!,we never run out of greenies my little baby loves these treats it is an added bonus that they are good for dental care as well  greenies got a bad rap for a while but they have been reformulated and are chewier now we buy the teenie size for her because she is only ten pounds my mia dances for these treats and leads herds us to the treat jar for her daily fix  amazon has the best price for this quantity and shipping was fast,we never run out of greenies my little baby loves these treats it is an added bonus that they are good for dental care as well  greenies got a bad rap for a while but they have been reformulated and are chewier now we buy the teenie size for her because she is only ten pounds my mia dances for these treats and leads herds us to the treat jar for her daily fix  amazon has the best price for this quantity and shipping was fast
402,5,"happy dog, happy customer",my dog goes crazy for these he wont touch the virbac dog chews hes not a chewer so the fact that he will chew these means they must taste really good theyre expensive but because my dog will eat them its worth the cost,my dog goes crazy for these he wont touch the virbac dog chews hes not a chewer so the fact that he will chew these means they must taste really good theyre expensive but because my dog will eat them its worth the cost
403,5,my lab's favorite bedtime treat,i should take a video of my dog drooling when i ask him if he wants a greenie  no other treat can compare as far as hes concerned  and this is a dog who will eat just about anything  he happily trots into his crate every night at bedtime because he knows thats when ill give him this special treat  seriously if he could skip he would skip  at a little over 140 per treat greenies are more expensive than i would typically pay but i like how they freshen his breath clean his teeth  are generally healthy for him  there may be other products out there that claim to have the same benefits but none ive tried so far have that tailwagging drool factor which to be honest makes me feel all warm and fuzzy at bedtime too ,i should take a video of my dog drooling when i ask him if he wants a greenie  no other treat can compare as far as hes concerned  and this is a dog who will eat just about anything  he happily trots into his crate every night at bedtime because he knows thats when ill give him this special treat  seriously if he could skip he would skip  at a little over 140 per treat greenies are more expensive than i would typically pay but i like how they freshen his breath clean his teeth  are generally healthy for him  there may be other products out there that claim to have the same benefits but none ive tried so far have that tailwagging drool factor which to be honest makes me feel all warm and fuzzy at bedtime too 
404,5,greenies are great!!!,i have two dogs that are absolutely nuts for greenies one dog is so picky about what he eats that it really suprised me that one of his favorite things would be a greenie,i have two dogs that are absolutely nuts for greenies one dog is so picky about what he eats that it really suprised me that one of his favorite things would be a greenie
405,5,"a little pricey, but worth the $",our full sized goldendoodle gets one every day  according to our vet his teeth and gums look great  i also have purchased the feline greenies for my daughter when she complained that hr cat had bad breath  3 chews3 days laterno more bad breath,our full sized goldendoodle gets one every day  according to our vet his teeth and gums look great  i also have purchased the feline greenies for my daughter when she complained that hr cat had bad breath  3 chews3 days laterno more bad breath
406,5,my pups really like them!,both my maltese and chiweenie pup really dig these greenies i break the teenies in half for the chiweenie to spare the money  just like the people food the healthier the more pricey but they do like these and would rather the greenies than anything else 2nd time purchasing from here and shipment is quick and easy  i am a student prime member free for a year,both my maltese and chiweenie pup really dig these greenies i break the teenies in half for the chiweenie to spare the money  just like the people food the healthier the more pricey but they do like these and would rather the greenies than anything else 2nd time purchasing from here and shipment is quick and easy  i am a student prime member free for a year
407,5,greenies are great,when i got my dog he was 6 and had recently had his teeth cleaned  now he is 13 and with eating a greenie a day has not needed to have them done again  he loves these treats,when i got my dog he was 6 and had recently had his teeth cleaned  now he is 13 and with eating a greenie a day has not needed to have them done again  he loves these treats
408,5,my boxer's favorite treat!,my dog has a very sensitive stomach and this is the only treat that agrees with her  she gets one a day which i use to coax her onto her crate in the morning  she saves the greenie until i return home in the afternoon like its her treat for being such a good girl all day  so funny,my dog has a very sensitive stomach and this is the only treat that agrees with her  she gets one a day which i use to coax her onto her crate in the morning  she saves the greenie until i return home in the afternoon like its her treat for being such a good girl all day  so funny
409,4,only thing my dog will eat.,i have a 3 year old siberian husky who has to be the pickiest dog in the world he will go days without eating if i dont give him exactly what he wants i must have 1520 bags of different treats that he turns his nose up at busy bones busy rollhides busy granola biscuits chicken jerky treats etc greenies are the only thing i can give him that i know for a fact he will eat in fact siberian huskies rarely if ever bark but if i even go near him while hes chewing on the greenie hell starting barking at me and well trying to take it away is another story these things are expensive but it is cheaper in the long run than paying 10 for a bag of treat where hell have 1 or 2 and be done,i have a 3 year old siberian husky who has to be the pickiest dog in the world he will go days without eating if i dont give him exactly what he wants i must have 1520 bags of different treats that he turns his nose up at busy bones busy rollhides busy granola biscuits chicken jerky treats etc greenies are the only thing i can give him that i know for a fact he will eat in fact siberian huskies rarely if ever bark but if i even go near him while hes chewing on the greenie hell starting barking at me and well trying to take it away is another story these things are expensive but it is cheaper in the long run than paying 10 for a bag of treat where hell have 1 or 2 and be done
410,5,good product for teeth,my dog likes the greenies they seem to be a little more than other products of this type but they do appear worth the money as they are well liked by pooches and do the job of cleaning teeth well,my dog likes the greenies they seem to be a little more than other products of this type but they do appear worth the money as they are well liked by pooches and do the job of cleaning teeth well
411,5,greenies,weve been buying greenies for our two dachshunds for many years now the dogs love them and they seem to be good for the dogs we plan to keep it up,weve been buying greenies for our two dachshunds for many years now the dogs love them and they seem to be good for the dogs we plan to keep it up
412,5,greenies,my dog has been eating these after his dinner for years they keep his breath clean and limit the build up of plac he waits with anticipation his greenie after his meal running to get one out of my hand digestion has been no problem at all and the formula is soft enough to prevent any form of choking i would highly recommend this product,my dog has been eating these after his dinner for years they keep his breath clean and limit the build up of plac he waits with anticipation his greenie after his meal running to get one out of my hand digestion has been no problem at all and the formula is soft enough to prevent any form of choking i would highly recommend this product
413,5,love those greenies,my 3 hounds 2 small one large have one of these after breakfast every morning  they know the routine and go stare at the box as soon as they come in from breakfast  just the right size snack and it cleans their teeth and breath  good stuff,my 3 hounds 2 small one large have one of these after breakfast every morning  they know the routine and go stare at the box as soon as they come in from breakfast  just the right size snack and it cleans their teeth and breath  good stuff
414,5,good treat,im not sure whats in these very odd odor  texture but my dog absolutely loves them  they also help calm her stomach and clean her teeth  ive gotten these for her before at the local pet superstore and found them on here for a few bucks cheaper  great seller and fast shipping,im not sure whats in these very odd odor  texture but my dog absolutely loves them  they also help calm her stomach and clean her teeth  ive gotten these for her before at the local pet superstore and found them on here for a few bucks cheaper  great seller and fast shipping
415,5,crazy over greenies!!!,i have two cocker spaniels that are absolutely crazy over greenies we have to spell it out and they still know what it is all i know is that if it makes my dogs this happy then it makes me happy,i have two cocker spaniels that are absolutely crazy over greenies we have to spell it out and they still know what it is all i know is that if it makes my dogs this happy then it makes me happy
416,5,greenies at a great price!,my dogs love greenies they are a healthy chewing snack for dogs i was pleased to purchase greenies at such a great price i paid under 2300 for a tub of 96 tiny greenies the same package sells for at least 10 to 15 more for the same product i will continue to purchase this product from amazoncom,my dogs love greenies they are a healthy chewing snack for dogs i was pleased to purchase greenies at such a great price i paid under 2300 for a tub of 96 tiny greenies the same package sells for at least 10 to 15 more for the same product i will continue to purchase this product from amazoncom
417,5,big dane - little treat,our great dane prefers greenies over any other treat  she really likes the small ones  because they are expensive we limit her to one special greenie a week  she knows when we get the box down and gets very excited,our great dane prefers greenies over any other treat  she really likes the small ones  because they are expensive we limit her to one special greenie a week  she knows when we get the box down and gets very excited
418,5,love these!,greenies are wonderful my dog loves them and chews them up i dont notice much as far as better breath but i already brush his teeth and scale them he gets 1 greenie each night for a snack br br to the bad reviewscommentsif your dog is one to scarf treats and does not chew things up before swallowing these are not a good idea if your dog enjoys the chewing and gnawing make sure you get the proper size for your dog so they do not choke also giving these to puppies can upset their stomache hints the diarhhea comment previously,greenies are wonderful my dog loves them and chews them up i dont notice much as far as better breath but i already brush his teeth and scale them he gets 1 greenie each night for a snack br br to the bad reviewscommentsif your dog is one to scarf treats and does not chew things up before swallowing these are not a good idea if your dog enjoys the chewing and gnawing make sure you get the proper size for your dog so they do not choke also giving these to puppies can upset their stomache hints the diarhhea comment previously
419,4,works well but too dense,my dog likes to chew it but its heavy weight even for this petite size its almost like 12 of her lunch but its very safe to usemy dog got choked often when she was chewing the rawhides or pig ears but never had problem with this one howwever its quite thick and dense wish they could make the shape flat and thin that way it will provide longer chewing and more fun my 50lb dog consumes it in less than 20 seconds she got a pack of trixie dentafun kauchips 100g made in germany from my best friend the trixie chews are superior than any existing dog dental chews in the us market but unfortunately we dont have it here,my dog likes to chew it but its heavy weight even for this petite size its almost like 12 of her lunch but its very safe to usemy dog got choked often when she was chewing the rawhides or pig ears but never had problem with this one howwever its quite thick and dense wish they could make the shape flat and thin that way it will provide longer chewing and more fun my 50lb dog consumes it in less than 20 seconds she got a pack of trixie dentafun kauchips 100g made in germany from my best friend the trixie chews are superior than any existing dog dental chews in the us market but unfortunately we dont have it here
420,5,dog treats,these are the best dog treats ever  thanks for the prompt service and good pricing  check out goodpersontestnet,these are the best dog treats ever  thanks for the prompt service and good pricing  check out goodpersontestnet
421,5,"son excelentes, les encantan a mis perritos y le mantienen el aliento fresco. llegaron a tiempo y en perfecto estado.",son excelentes les encantan a mis perritos y le mantienen el aliento fresco llegaron a tiempo y en perfecto estado estoy satisfecha con el producto y el envio,son excelentes les encantan a mis perritos y le mantienen el aliento fresco llegaron a tiempo y en perfecto estado estoy satisfecha con el producto y el envio
422,4,dog loves treats,my dog loves these treats and i give one as a reward after i brush his teeth  i cant determine at this point if they help clean his teeth,my dog loves these treats and i give one as a reward after i brush his teeth  i cant determine at this point if they help clean his teeth
423,4,greenie$,good product  my dogs love them but over priced like most pet treatsbr i did get fast delivery  good service as usual,good product  my dogs love them but over priced like most pet treatsbr i did get fast delivery  good service as usual
424,4,greenies #27 regular size,a great treat that your dogs will love even our slightly picky dogs love these treats they clean their teeth too also they dont smell like some rawhides and other natural products i wish the lasted a little longer  our larger dog eats his in a couple of minutes,a great treat that your dogs will love even our slightly picky dogs love these treats they clean their teeth too also they dont smell like some rawhides and other natural products i wish the lasted a little longer  our larger dog eats his in a couple of minutes
425,4,our 3 dogs love greenies,our three dogs 2 cairn terriers 5  4 and a 15 year old border collie are proud of their greenies they like the taste and it helps keep their gums and teeth in good shape,our three dogs 2 cairn terriers 5  4 and a 15 year old border collie are proud of their greenies they like the taste and it helps keep their gums and teeth in good shape
426,5,"great price, great product!",i have given my dog greenies before and he loves them  moreover i love the fact that they keep his teeth and gums clean and healthy  buying through amazon is so much cheaper than buying at a petstore and i love the storage box that the greenies came in  highly reccommend but be sure to buy the correct size treats for your pup,i have given my dog greenies before and he loves them  moreover i love the fact that they keep his teeth and gums clean and healthy  buying through amazon is so much cheaper than buying at a petstore and i love the storage box that the greenies came in  highly reccommend but be sure to buy the correct size treats for your pup
427,5,greenies,love em love em love em  need a bigger box i think  better than paying for a dentist thats for sure  remember to brush  all paws up on this,love em love em love em  need a bigger box i think  better than paying for a dentist thats for sure  remember to brush  all paws up on this
428,5,best chews ever!,we have been giving these dental chews to our little pomeranian for over 3 years now the vet always says we do a great job with brushing her teeth and gums although it is these chewies that do the job highly recommended,we have been giving these dental chews to our little pomeranian for over 3 years now the vet always says we do a great job with brushing her teeth and gums although it is these chewies that do the job highly recommended
429,5,love them,our dogs love greenies we give them greenies that are smaller than recommended for their size though because they are quite expensive but they still do a nice job of cleaning up their breath,our dogs love greenies we give them greenies that are smaller than recommended for their size though because they are quite expensive but they still do a nice job of cleaning up their breath
430,5,awesome!,my dog wont chew rawhides or any bone really ive tried them all after spending 350 to get his teeth cleaned and getting 15 teeth pulled due to decay i was on a mission to find something hed chew on to help clean his teeth he loves thesehes around 12 lbs  i think the bones are a little on the small side so next time ill go up a size so itll last longer,my dog wont chew rawhides or any bone really ive tried them all after spending 350 to get his teeth cleaned and getting 15 teeth pulled due to decay i was on a mission to find something hed chew on to help clean his teeth he loves thesehes around 12 lbs  i think the bones are a little on the small side so next time ill go up a size so itll last longer
431,4,the dogs love it.,nothing wrong with this product as far as the dogs are concerned  they always want more than just one a day but we try to limit them to that amount for their own good and our pocket book,nothing wrong with this product as far as the dogs are concerned  they always want more than just one a day but we try to limit them to that amount for their own good and our pocket book
432,5,dogs love them,my dogs love these and everything ive read suggests that theyre good for the dogs especially for the dogs teeth one of my dogs sometimes wont eat her regular food or will eat it slowly but she will always eat her greenies right away,my dogs love these and everything ive read suggests that theyre good for the dogs especially for the dogs teeth one of my dogs sometimes wont eat her regular food or will eat it slowly but she will always eat her greenies right away
433,5,yummy greenies,my two yorkieapso dogs come in from morning outing and get all excited waiting for their greenie  theyve been getting one teenie size every morning for only 2 months  but their teeth and breath are looking and smelling good  i recommend this healthy treat,my two yorkieapso dogs come in from morning outing and get all excited waiting for their greenie  theyve been getting one teenie size every morning for only 2 months  but their teeth and breath are looking and smelling good  i recommend this healthy treat
434,5,dog loves them,the new greenies are so much easier for our dog to chew up she only gets 12 per week but enjoys them each time buying them via amazon always saves us money,the new greenies are so much easier for our dog to chew up she only gets 12 per week but enjoys them each time buying them via amazon always saves us money
435,5,my dog goes crazy!!,i dont write too many reviews but i read them all the timeso i though it was high time i wrote a review for this product my dog told me to  i have a maltichon and she loves her midday treat  her breath was horrible so i thought this might freshen it up a bit  first of all so goes bonkers when i take this greenie treat out  the smell is sosoand her breath is at least 12 better than is was before  the greenies are not hard  you can bend them  not that the dog notices but they are in the cute shape of a toothbrush  she the dog runs around the house and hides the treat then finally gives in and gobbles it up  she then sniffs all over the place  hoping there is a crumb left behind  there must be some doggie drug in those things thats how much she loves them  so  long story short  your dog would be crazy to not love these treats  worth the price  and they come in a nice container with a plastic lid that you just pop off to take a treat out,i dont write too many reviews but i read them all the timeso i though it was high time i wrote a review for this product my dog told me to  i have a maltichon and she loves her midday treat  her breath was horrible so i thought this might freshen it up a bit  first of all so goes bonkers when i take this greenie treat out  the smell is sosoand her breath is at least 12 better than is was before  the greenies are not hard  you can bend them  not that the dog notices but they are in the cute shape of a toothbrush  she the dog runs around the house and hides the treat then finally gives in and gobbles it up  she then sniffs all over the place  hoping there is a crumb left behind  there must be some doggie drug in those things thats how much she loves them  so  long story short  your dog would be crazy to not love these treats  worth the price  and they come in a nice container with a plastic lid that you just pop off to take a treat out
436,5,my pooch loves them,since my pet does not like having his teeth cleaned i have been giving him greenies for the past six years  each vet checkup confirms that he has no plaque buildup  he is a picky eater but loves the taste of them as well,since my pet does not like having his teeth cleaned i have been giving him greenies for the past six years  each vet checkup confirms that he has no plaque buildup  he is a picky eater but loves the taste of them as well
437,5,greenies are a plus for dogs teeth.,i buy greenies for  my two best friends  my vet commented on how their teeth are looking good because of the greenies  my ten year old scottish terrier and my four year old standard poodle will dance circles for their greenislol  how cool is that,i buy greenies for  my two best friends  my vet commented on how their teeth are looking good because of the greenies  my ten year old scottish terrier and my four year old standard poodle will dance circles for their greenislol  how cool is that
438,5,greenies for owen,our newf owen is a senior citizen now so wanted to switch him over to a treat that fit his mature lifestyle  he loves these just as he did the regular greenies,our newf owen is a senior citizen now so wanted to switch him over to a treat that fit his mature lifestyle  he loves these just as he did the regular greenies
439,5,my chihuahua loves'em !!!!!!!!!!,seriously my dog goes absolutely batst crazy over these things her teeth are cleaner and her breath is nice and fresh highly recommended,seriously my dog goes absolutely batst crazy over these things her teeth are cleaner and her breath is nice and fresh highly recommended
440,5,great deal,our terrier mix adores greenies havent met a dog who doesnt love them actually they kind of have a gummybear quality we give him one before we leave for work so he has a little distraction only takes him a few minutes to finish one these are 150ea at our local pet supply store so buying them in bulk is the way to go we bought them from entirely pets and got a great deal with fast shipping,our terrier mix adores greenies havent met a dog who doesnt love them actually they kind of have a gummybear quality we give him one before we leave for work so he has a little distraction only takes him a few minutes to finish one these are 150ea at our local pet supply store so buying them in bulk is the way to go we bought them from entirely pets and got a great deal with fast shipping
441,5,"can't beat this price, came super fast.",excellent product your dogs will love them i wouldnt recommend them for dogs over 25 pounds as they may pose a choking hazard for quick eaters,excellent product your dogs will love them i wouldnt recommend them for dogs over 25 pounds as they may pose a choking hazard for quick eaters
442,5,good price,buying the greenies online is the way to go  they cost about 10 cheaper than if you were to walk into a chain pet store,buying the greenies online is the way to go  they cost about 10 cheaper than if you were to walk into a chain pet store
443,5,my dogs love them,vet recommended them for my small dogs due to dental problems  they enjoy them a lot,vet recommended them for my small dogs due to dental problems  they enjoy them a lot
444,5,greenie treats,my little girl doggie loves theseand great for her teeth  less expensive than at the pet store when i buy four its like getting one free  great product,my little girl doggie loves theseand great for her teeth  less expensive than at the pet store when i buy four its like getting one free  great product
445,4,my poodle loves these,these are a great training aid for dogs because they seem to like them so much  i have one dog but have offered them to others as well when i go to the dog park  i have had great luck using these for rewards when she follows the commands,these are a great training aid for dogs because they seem to like them so much  i have one dog but have offered them to others as well when i go to the dog park  i have had great luck using these for rewards when she follows the commands
446,5,best price,for some reason these are nearly twice the price locally  my dog likes these and his teethgums seem cleaner but i dont know how to quantify that  the foil bag inside the cardboard container is reclosable which helps a great deal with freshness,for some reason these are nearly twice the price locally  my dog likes these and his teethgums seem cleaner but i dont know how to quantify that  the foil bag inside the cardboard container is reclosable which helps a great deal with freshness
447,5,my pugs favorite dental treat & works!,ive had my pug koa for over 6 years now since 2 years ive been providing him with greenies and he just loves it  every vet visit comments how well his teeth look with hardly any plaque at all amazing  ive pretty much invested a lot of money for my service animal pug who is worth every penny  but with purchasing different pricing each time through amazon is something i dont understand  it would be great for return loyal patrons to purchase same price or honor discount pricing,ive had my pug koa for over 6 years now since 2 years ive been providing him with greenies and he just loves it  every vet visit comments how well his teeth look with hardly any plaque at all amazing  ive pretty much invested a lot of money for my service animal pug who is worth every penny  but with purchasing different pricing each time through amazon is something i dont understand  it would be great for return loyal patrons to purchase same price or honor discount pricing
448,5,the best reward/bribe ever,i have three terriers and most often foster another dog my dogs will do anything for a greenie one races through agility because a greenie awaits him at the end of the classin addition to small treats after each run  right now i am fostering a traumatized little poodle who feared his crate a greenie at the back of the crate and he will quickly go in and greenies are good for their breathteeth healthy and easily digestible my vet too recommends them,i have three terriers and most often foster another dog my dogs will do anything for a greenie one races through agility because a greenie awaits him at the end of the classin addition to small treats after each run  right now i am fostering a traumatized little poodle who feared his crate a greenie at the back of the crate and he will quickly go in and greenies are good for their breathteeth healthy and easily digestible my vet too recommends them
449,5,great,my dog maltese loves greenies its her fav treat and knowing that is good for her and is cleaning her teeth makes me feel great  ,my dog maltese loves greenies its her fav treat and knowing that is good for her and is cleaning her teeth makes me feel great  
450,5,my dogs devour greenies.,my dogs absolutely love greenies and any time i can save money buying them thats a plus  they are twice the price at any pet or grocery store,my dogs absolutely love greenies and any time i can save money buying them thats a plus  they are twice the price at any pet or grocery store
451,5,greenies,received as promised what can you say about dog treats i personally havent tasted one lol shipper was prompt for delivery,received as promised what can you say about dog treats i personally havent tasted one lol shipper was prompt for delivery
452,5,greenies are great,my dog is so pickybut when it comes to geenieshe loves thembr so to megreenies are a heathy treat and helps keep his teath cleanbr thank you greenies,my dog is so pickybut when it comes to geenieshe loves thembr so to megreenies are a heathy treat and helps keep his teath cleanbr thank you greenies
453,5,greenies,my two little italian greyhounds love greenies i did buy the wrong size greenies this time i usually buy the teenie greenies with 96 in the package for aprox the same price but i must have hit the wrong size product not too big a deal i just break them in 12br the product arrived very quickly and i will be certain to order again in the futurethought i will be sure to order the correct size next time,my two little italian greyhounds love greenies i did buy the wrong size greenies this time i usually buy the teenie greenies with 96 in the package for aprox the same price but i must have hit the wrong size product not too big a deal i just break them in 12br the product arrived very quickly and i will be certain to order again in the futurethought i will be sure to order the correct size next time
454,5,dog is worth it,greenies are recommended for dog dental care and this is the best price i can find and free shipping,greenies are recommended for dog dental care and this is the best price i can find and free shipping
455,5,greenies...yum!!!,between 1130 and noon every day my dog starts to hound us for his one a day greenie he loves them and they have his veterinarians approval this is a great productive used it for years the site is easy to navigate and delivery is always prompt,between 1130 and noon every day my dog starts to hound us for his one a day greenie he loves them and they have his veterinarians approval this is a great productive used it for years the site is easy to navigate and delivery is always prompt
456,5,our pet loves greenies,our pet loves having greenies as treat she gets crazy every time she hears or see us opening the package her breath also gets better after eating her treat,our pet loves having greenies as treat she gets crazy every time she hears or see us opening the package her breath also gets better after eating her treat
457,5,dog dental chews,our dogs like their greenie in the morning it makes them happy and also helps to reduce their dog breath i dont know that it provides any other dental advantages,our dogs like their greenie in the morning it makes them happy and also helps to reduce their dog breath i dont know that it provides any other dental advantages
458,5,great!,my dog goes crazy when i mention the word greenies  he hasnt put on any extra weight since i have been giving them to him  he gets one per day and always lets me know when it is time to have one  the cost is a little high so i buy them in the larger quantity,my dog goes crazy when i mention the word greenies  he hasnt put on any extra weight since i have been giving them to him  he gets one per day and always lets me know when it is time to have one  the cost is a little high so i buy them in the larger quantity
459,5,always a great choice,i buy these time and time again i noticed an immediate improvement in my dogs breath no stinkhe gets in my face all the time and theres no plaque on his teeth,i buy these time and time again i noticed an immediate improvement in my dogs breath no stinkhe gets in my face all the time and theres no plaque on his teeth
460,5,m puppy loves these,my 1yr old pup loves greenies hes been snacking on these since he was a month old his breath always smells great and no tummy aches,my 1yr old pup loves greenies hes been snacking on these since he was a month old his breath always smells great and no tummy aches
461,5,we have to call them gs,our dog knows the word greenies so we have to call them gs but never to her we dont want to have to come up with another name these are an absolute must the dog must have them that is all there is to it the fact that we could find the lite greenies was an added bonus,our dog knows the word greenies so we have to call them gs but never to her we dont want to have to come up with another name these are an absolute must the dog must have them that is all there is to it the fact that we could find the lite greenies was an added bonus
462,5,proof is in the vet's bill,my sammy is very picky on treats but he loves these and the best thing is he is 7 and a half years old and has never had to have his teeth cleaned the vet says his teeth are clear of tartar so ive saved enough in vet bills to more than pay for his special chews,my sammy is very picky on treats but he loves these and the best thing is he is 7 and a half years old and has never had to have his teeth cleaned the vet says his teeth are clear of tartar so ive saved enough in vet bills to more than pay for his special chews
463,5,#1 dog treat!,these are our dogs absolute favorite treat  as recommended we only give one each day and make sure he doesnt get choked  these are not as tough to chew as the old formula which took him longer to chew  greenies are supposed to help clean dogs teeth and breath but we buy them because he loves them so much  the large box of teenie size has 96 so they arent that expensive at one a day  well worth the price for our loyal baby  hes been enjoying them for several years with no problems  be sure to get the correct size so your dog cant gobble them whole,these are our dogs absolute favorite treat  as recommended we only give one each day and make sure he doesnt get choked  these are not as tough to chew as the old formula which took him longer to chew  greenies are supposed to help clean dogs teeth and breath but we buy them because he loves them so much  the large box of teenie size has 96 so they arent that expensive at one a day  well worth the price for our loyal baby  hes been enjoying them for several years with no problems  be sure to get the correct size so your dog cant gobble them whole
464,5,greenies - buddy's #1 treat,as always the perfect snack for my dog  he just loves them and knows exactly when it is 800 pm and starts to ask for his  as that is the time of evening he gets his greenie snack  thank you for the excellent product and fast delivery,as always the perfect snack for my dog  he just loves them and knows exactly when it is 800 pm and starts to ask for his  as that is the time of evening he gets his greenie snack  thank you for the excellent product and fast delivery
465,5,"greenies dental treats for dogs, teenie pack, 27 oz, 96 chews",my two babies just love this product  they cannot get enough  they usually get their treat just before bedtime  when they know the time is nearing they sit on the bed and anxiously await their bedtime treat  although the bones are small i cut each bone into four pieces so they think they are getting multiple bones  this item is a win win for my little ones,my two babies just love this product  they cannot get enough  they usually get their treat just before bedtime  when they know the time is nearing they sit on the bed and anxiously await their bedtime treat  although the bones are small i cut each bone into four pieces so they think they are getting multiple bones  this item is a win win for my little ones
466,5,my picky dog loves these!,my small westie terrier absolutely loves his greenies i had other westies in the past years and these were also their favorite treat the company was sold and they changed the formula years ago and made them safer for the dogs to eat they are the best,my small westie terrier absolutely loves his greenies i had other westies in the past years and these were also their favorite treat the company was sold and they changed the formula years ago and made them safer for the dogs to eat they are the best
467,5,great value=happy dogs,we ordered this after paying pet store prices for greenies for our 5 dogs and this has been a godsend larger container and affordable price i would be remiss to ever get them anywhere else again,we ordered this after paying pet store prices for greenies for our 5 dogs and this has been a godsend larger container and affordable price i would be remiss to ever get them anywhere else again
468,5,dycee's mom,i dont know much from a personal point of view but dycee says theyre necessary she loves them and wouldnt be a very happy pooch without them if you have a dog you probably know what i mean this is one of her must haves,i dont know much from a personal point of view but dycee says theyre necessary she loves them and wouldnt be a very happy pooch without them if you have a dog you probably know what i mean this is one of her must haves
469,5,serious dog joy,greenies are an great product  they are very attractive to my dog who can be picky about treats and provide a good chew that helps address his tartar problems and amazon has among the best price ive foundbr br as long as you have someplace out of dognose reach to store the box greenies are a great way to help your dogs teeth stay clean and thus avoid the further health issues that result from canine dental problems,greenies are an great product  they are very attractive to my dog who can be picky about treats and provide a good chew that helps address his tartar problems and amazon has among the best price ive foundbr br as long as you have someplace out of dognose reach to store the box greenies are a great way to help your dogs teeth stay clean and thus avoid the further health issues that result from canine dental problems
470,5,my dog would like to give them 6 stars,my dog is goofy enough but when he knows one of these are comming  he really goes nuts  i did not have a hitch in the order or length of time getting them thank you so much linda turner i would recommend ordering these to anyone greenies have been a part of my dogs lives for nearly thirteen years and they look forward to one everyday i ordered them from amazon and everything went smoothly,my dog is goofy enough but when he knows one of these are comming  he really goes nuts  i did not have a hitch in the order or length of time getting them thank you so much linda turner i would recommend ordering these to anyone greenies have been a part of my dogs lives for nearly thirteen years and they look forward to one everyday i ordered them from amazon and everything went smoothly
471,5,great treat,i have three dogs and they get a greenie every day  you will be amazed to see what these treats can do for your dogs teeth  buy on amazon for the best value  some stores sell these for more than 30 a box,i have three dogs and they get a greenie every day  you will be amazed to see what these treats can do for your dogs teeth  buy on amazon for the best value  some stores sell these for more than 30 a box
472,5,"good greats, good quality, good product",this is a great product that most dogs absolutely love its great for the teeth and great for their morale i give my coton a treat every morning when i leave for work the product on amazon is considerably cheaper than it is at the local petstore and the 96 size is perfect for dogs under 20lbs,this is a great product that most dogs absolutely love its great for the teeth and great for their morale i give my coton a treat every morning when i leave for work the product on amazon is considerably cheaper than it is at the local petstore and the 96 size is perfect for dogs under 20lbs
473,5,dogs love greenies,dogs love greenies  they go crazy if they even think they hear the greenie bagmy tiny little italian greyhound girl gets a greenie at bedtime and sometimes she starts pushing us to go to bed and getting wild and begging to go to bed because she wants her greenie  you do have to be careful and only feed them one a day of their size range or they will upset their stomachyou can have too much of a good thing but as long as you dont overdo it the dogs love them and its a great treat for them,dogs love greenies  they go crazy if they even think they hear the greenie bagmy tiny little italian greyhound girl gets a greenie at bedtime and sometimes she starts pushing us to go to bed and getting wild and begging to go to bed because she wants her greenie  you do have to be careful and only feed them one a day of their size range or they will upset their stomachyou can have too much of a good thing but as long as you dont overdo it the dogs love them and its a great treat for them
474,5,greenies review,greenies have been a part of my dogs lives for nearly thirteen years and they look forward to one everyday  i ordered them from amazon and everything went smoothly  i did not have a hitch in the order or length of time getting them thank you so much linda turner  i would recommend ordering these to anyone,greenies have been a part of my dogs lives for nearly thirteen years and they look forward to one everyday  i ordered them from amazon and everything went smoothly  i did not have a hitch in the order or length of time getting them thank you so much linda turner  i would recommend ordering these to anyone
475,5,dog treats,my dogs love their greenies  i would buy 6 to save money it is a must for treat time all i have to do is say greenies and you see the tails wag,my dogs love their greenies  i would buy 6 to save money it is a must for treat time all i have to do is say greenies and you see the tails wag
476,5,greenie clean!,my dog loves these this was an awesome price too these are sometimes 40 bucks at the stores for a 27 pack i will def buy these again,my dog loves these this was an awesome price too these are sometimes 40 bucks at the stores for a 27 pack i will def buy these again
477,5,great buy,my dog eats a greenie a day and we were very excited to have found them here at such a great price  the package arrived in perfect condition and they are very fresh  i have chosen this size greenie for my chihuahhua who is approximately 12 pounds  it has proven to be effective for us though through time i still notice some tartar buildup on the very back teeth molars  therefore i am sure to still brush them frequently  he loves the taste and has been eating them for about a year and a half,my dog eats a greenie a day and we were very excited to have found them here at such a great price  the package arrived in perfect condition and they are very fresh  i have chosen this size greenie for my chihuahhua who is approximately 12 pounds  it has proven to be effective for us though through time i still notice some tartar buildup on the very back teeth molars  therefore i am sure to still brush them frequently  he loves the taste and has been eating them for about a year and a half
478,4,our three dogs are addicted to greenies!,our three dogs are addicted to greenies even at one treat per day it has become an expensive habit but one we are willing to promote  we were thrilled to find such a great price and free shipping,our three dogs are addicted to greenies even at one treat per day it has become an expensive habit but one we are willing to promote  we were thrilled to find such a great price and free shipping
479,5,greenies dog treats,these to are a very good way to help keep my dogs teeth and gums clean and she loves them too,these to are a very good way to help keep my dogs teeth and gums clean and she loves them too
480,5,greeenies,my dog loves thesehe would eat these things for regular food if you would let him  breath is also wonderful,my dog loves thesehe would eat these things for regular food if you would let him  breath is also wonderful
481,5,greenies - buddy's #1 treat,greenies bones are the best treat my dog of 11 years can think of  even after all of these years they remain his 1 favorite  looked forward to  every evening  extra special  treat  no bones about it  very affordable pricing and shipping  would recommend seller and will be buying more from them myself,greenies bones are the best treat my dog of 11 years can think of  even after all of these years they remain his 1 favorite  looked forward to  every evening  extra special  treat  no bones about it  very affordable pricing and shipping  would recommend seller and will be buying more from them myself
482,5,~ fantastic price on greenies ~ one happy pomeranian! ~,our pomeranian loves greenies but i was getting really tired of spending almost 50 dollars a pack at the local pet store so i decided to check on amazon i spent a lot of time checking prices from all the different sellers and found that these ones were the cheapest i ended up getting 2 boxes for the same price that i would have paid for 1 box at the pet storebr the package arrived very quickly  we even recieved a free sample size bag of dog food which was an unexpected bonus the only issue i had was i feel they could have put everything in a smaller shipping box other then that we are extremely satisfied  so is our sweet little pom thank you amazon,our pomeranian loves greenies but i was getting really tired of spending almost 50 dollars a pack at the local pet store so i decided to check on amazon i spent a lot of time checking prices from all the different sellers and found that these ones were the cheapest i ended up getting 2 boxes for the same price that i would have paid for 1 box at the pet storebr the package arrived very quickly  we even recieved a free sample size bag of dog food which was an unexpected bonus the only issue i had was i feel they could have put everything in a smaller shipping box other then that we are extremely satisfied  so is our sweet little pom thank you amazon
483,5,my dogs have clean teeth,my dogs get their greenies at noon can hardly wait to gnaw on them and and then chew heartly until the greenies disappear  the good news is that all my dogs now have clean teeth,my dogs get their greenies at noon can hardly wait to gnaw on them and and then chew heartly until the greenies disappear  the good news is that all my dogs now have clean teeth
484,5,it's great! my dog loves it.,just small enough but not too big for my dog he loves it and it helps keep his teeth clean,just small enough but not too big for my dog he loves it and it helps keep his teeth clean
485,5,my dogs love these!,my dogs love these they each get one a day amazons prices are great thanks,my dogs love these they each get one a day amazons prices are great thanks
486,5,my dog's favorite,my jack russell didi absolutely loves greenies  all i have to say is do you want a greenie and her little head cocks to the side and she runs to the greenies bag  a greenie a day makes your dog very happy,my jack russell didi absolutely loves greenies  all i have to say is do you want a greenie and her little head cocks to the side and she runs to the greenies bag  a greenie a day makes your dog very happy
487,5,great price,i found this site to have the best price for the quantities on the web i would definitely order from here again,i found this site to have the best price for the quantities on the web i would definitely order from here again
488,5,my animals love greenies,a hrefhttpwwwamazoncomgpproductb000kbfkiqgreenies dental treats for dogs petite pack 27 oz 45 chewsabr my chihuahuas love greenies and will do anything to get one my cats also love cat greenies i use the greenies pill pockets to give my animals pills andor vitamins  great product and good for them also make great training tools greenies come in the size to fit your dog chihuahua size treats are hard to find i highly recommend greenies for dogs and cats,a hrefhttpwwwamazoncomgpproductb000kbfkiqgreenies dental treats for dogs petite pack 27 oz 45 chewsabr my chihuahuas love greenies and will do anything to get one my cats also love cat greenies i use the greenies pill pockets to give my animals pills andor vitamins  great product and good for them also make great training tools greenies come in the size to fit your dog chihuahua size treats are hard to find i highly recommend greenies for dogs and cats
489,5,"love, love, love",my mini poodle loves these greenieshis groomer also uses them and we just went to a vet who was also familiar with themall dogs seem to love these toothbrusheshighly recommend them,my mini poodle loves these greenieshis groomer also uses them and we just went to a vet who was also familiar with themall dogs seem to love these toothbrusheshighly recommend them
490,5,does what it supposed to,i dont know about others but my dog loves these  hes a 55lbs golden retriever mix puppy and loves to chew  like a reviewer before me said this product is like crack for dogs  the chews dont leave a mess they occupy my dog for a couple of minutes clean his teeth and they get rid of bad breath  a lot of chews are either messy or leave him with bad breath  or both  no digestion problems either like rawhide can cause  he did have a problem once with a rawhide chew that got us worried  i presume thats the compressed product related problem that a previous reviewer mentioned  this never happened with the greenies as they mostly melt away rather than break off in pieces unlike rawhide  as far as i can tell this is a great product,i dont know about others but my dog loves these  hes a 55lbs golden retriever mix puppy and loves to chew  like a reviewer before me said this product is like crack for dogs  the chews dont leave a mess they occupy my dog for a couple of minutes clean his teeth and they get rid of bad breath  a lot of chews are either messy or leave him with bad breath  or both  no digestion problems either like rawhide can cause  he did have a problem once with a rawhide chew that got us worried  i presume thats the compressed product related problem that a previous reviewer mentioned  this never happened with the greenies as they mostly melt away rather than break off in pieces unlike rawhide  as far as i can tell this is a great product
491,5,greeenies are a great treat!,my small dog loves his greenies i give him a greenie after dinner goodness if i forget he sure remembers its time for his delicious treat these are great at keeping his teeth clean i still brush his teeth once a week but these help keep his teeth healthy and strong between brushes,my small dog loves his greenies i give him a greenie after dinner goodness if i forget he sure remembers its time for his delicious treat these are great at keeping his teeth clean i still brush his teeth once a week but these help keep his teeth healthy and strong between brushes
492,5,greenies are great,these are great for our dog and the price is great on amazoncom for the large package,these are great for our dog and the price is great on amazoncom for the large package
493,5,she loves it!!,i adopted my dog because her previous owner had passed away  my dog had been eating canned food and her teeth looked terrible  i tried a couple of teeth whitening treats and toys but bailey would have nothing to do with them  then i found greenies and she loves them  once she left a couple puddles of saliva on the floor as i was getting out a greenie for her she was salivating so much  her teeth look so much better now and her breath is great,i adopted my dog because her previous owner had passed away  my dog had been eating canned food and her teeth looked terrible  i tried a couple of teeth whitening treats and toys but bailey would have nothing to do with them  then i found greenies and she loves them  once she left a couple puddles of saliva on the floor as i was getting out a greenie for her she was salivating so much  her teeth look so much better now and her breath is great
494,5,bow wow yum,both of my dogs will practically sell their souls for a greenie treat  they know that this is the sign that it is time to go into their crates for the evening and after getting a greenie they willingly go to bed,both of my dogs will practically sell their souls for a greenie treat  they know that this is the sign that it is time to go into their crates for the evening and after getting a greenie they willingly go to bed
495,5,great buy,great buy for the great product it saves me money and i dont even have to leave my house i will buy this product again from amazon only,great buy for the great product it saves me money and i dont even have to leave my house i will buy this product again from amazon only
496,5,goodies for dog,my friend gave me some of these greenies that were left from her dog  i gave my dog one and he was sold  never thought he would eat these  good breath now and also is a picky eaterquick delivery and good price,my friend gave me some of these greenies that were left from her dog  i gave my dog one and he was sold  never thought he would eat these  good breath now and also is a picky eaterquick delivery and good price
497,4,my dogs' favorite treat by far.,my dogs are absolutely addicted to these  never had any digestion problems  they keep my chihuahuas teeth super clean my beagledachunds teeth need a little more help  i personally dont care for the smell of them but its really not too bad,my dogs are absolutely addicted to these  never had any digestion problems  they keep my chihuahuas teeth super clean my beagledachunds teeth need a little more help  i personally dont care for the smell of them but its really not too bad
498,5,highly recommended,i ordered these on sale on the evening of 020810 ususlly with an item on sale such as this you get gouged on the shippingprocessing fees but that was not the case with this vendor and they were on my doorstep on 21110 excellent communications from this vendor with an email order confirmationand an order shippedtracking confirmation and super fast shipping a,i ordered these on sale on the evening of 020810 ususlly with an item on sale such as this you get gouged on the shippingprocessing fees but that was not the case with this vendor and they were on my doorstep on 21110 excellent communications from this vendor with an email order confirmationand an order shippedtracking confirmation and super fast shipping a
499,5,what a great price for greenies!,we used to get greenies from petco what an amazing price difference this is  our beagle eats one every day and it keeps her breath in check,we used to get greenies from petco what an amazing price difference this is  our beagle eats one every day and it keeps her breath in check
500,5,our greyhound loves them,looking for a treat that will never be refused or left lying around  our greyhound loves greenies and the greenies are doing a great job of keeping his teeth in good shape,looking for a treat that will never be refused or left lying around  our greyhound loves greenies and the greenies are doing a great job of keeping his teeth in good shape
501,5,happy customer,i am not only very happy with this product but am also very happy with the service and the speedy delivery,i am not only very happy with this product but am also very happy with the service and the speedy delivery
502,5,dog treat,my vet told me to have my dog get these to help with her teeth and she loves them,my vet told me to have my dog get these to help with her teeth and she loves them
503,5,amazing!,my dogs eat a greenie everymorning and they are so expensive everywhere in the stores i was so happy to find some many of them for such an inexpensive price such a great deal,my dogs eat a greenie everymorning and they are so expensive everywhere in the stores i was so happy to find some many of them for such an inexpensive price such a great deal
504,5,good price.,i buy these locally and they are more expensive than amazoncombr my dog likes them and we do see a difference in her teethbr thanks,i buy these locally and they are more expensive than amazoncombr my dog likes them and we do see a difference in her teethbr thanks
505,5,grrrrrreat!,i have no personal experience with greenies but my dog loves them  her rating is grrrreat,i have no personal experience with greenies but my dog loves them  her rating is grrrreat
506,5,my dog can't live without these!,because our dog has to have his greenie every day we have to make sure we have them on hand at all times  the price was great the shipment arrived promptly and the main thing is our dog is happybr b stephens,because our dog has to have his greenie every day we have to make sure we have them on hand at all times  the price was great the shipment arrived promptly and the main thing is our dog is happybr b stephens
507,5,definitely will purchase from buyer in the future,encountered 0 problems with this buyer received products as picturedordered in a timely manner packaged securely and safe to ensure no problems during delivery of shipment,encountered 0 problems with this buyer received products as picturedordered in a timely manner packaged securely and safe to ensure no problems during delivery of shipment
508,5,my dog would do anything for greenies,my dog absolutely loved greenies he would come downstairs every morning and sit in front of the pantry until someone gave him his greenies he also learned to do all sort of cute tricks we taught him these tricks with greenies as his incentive these treats were healthy for him never made him sick and made his breath smell good i would only give him one greenies a day and to spread that one greenie out over the entire day i would take pliers and cut it into 68 little pieces seemed like my dog would feel more fulfilled to have little pieces throughout the day versus one whole greenie once a day once i discovered greenies i cut all the other treats out and really only have him the greenies the 27oz tub was in my opinion a really good value for the money so i would always buy that size i highly recommend this product for all dogs,my dog absolutely loved greenies he would come downstairs every morning and sit in front of the pantry until someone gave him his greenies he also learned to do all sort of cute tricks we taught him these tricks with greenies as his incentive these treats were healthy for him never made him sick and made his breath smell good i would only give him one greenies a day and to spread that one greenie out over the entire day i would take pliers and cut it into 68 little pieces seemed like my dog would feel more fulfilled to have little pieces throughout the day versus one whole greenie once a day once i discovered greenies i cut all the other treats out and really only have him the greenies the 27oz tub was in my opinion a really good value for the money so i would always buy that size i highly recommend this product for all dogs
509,4,great price for this product,this is a terrific price for this product and quantity the package always arrives early,this is a terrific price for this product and quantity the package always arrives early
510,5,good greenies,our girls have to have their greenies before bedtime they are 30 and 40 lb border collies but we give them the teenie greenies sometimes two they go nuts over them,our girls have to have their greenies before bedtime they are 30 and 40 lb border collies but we give them the teenie greenies sometimes two they go nuts over them
511,5,my doggie hates everything but loves these!,my doggie goes crazy when he hears the box being opened he has sensitive teeth and doesnt like hard stuff these are perfect i started using these after getting his teeth cleaned i give him one every 23 days keeping his teeth clean,my doggie goes crazy when he hears the box being opened he has sensitive teeth and doesnt like hard stuff these are perfect i started using these after getting his teeth cleaned i give him one every 23 days keeping his teeth clean
512,5,yummy yummy,my dogs love greenies  i have offered them a choice of greenies or nutri dent several timesgreenies are their choice every time  the nutri dents just dont cut it with them  greenies are the best,my dogs love greenies  i have offered them a choice of greenies or nutri dent several timesgreenies are their choice every time  the nutri dents just dont cut it with them  greenies are the best
513,5,dogs love greenies!,i give my dog 1 greenie in the morning he loves them and the vet that he goes to says they are the best for keeping their teeth strong and cleanbr i highly recommend these for your dog or cat for the health of it,i give my dog 1 greenie in the morning he loves them and the vet that he goes to says they are the best for keeping their teeth strong and cleanbr i highly recommend these for your dog or cat for the health of it
514,5,great supplier,product delivered quickly and item was as advertised  no complaints here i recommend this seller on a very high scale  keep up the good work and your customers will be well pleased,product delivered quickly and item was as advertised  no complaints here i recommend this seller on a very high scale  keep up the good work and your customers will be well pleased
515,5,can't live without greenies,my cavalier king charles spaniel and a friends beagle cant survive without greenies  fantastic product and great seller,my cavalier king charles spaniel and a friends beagle cant survive without greenies  fantastic product and great seller
516,5,excellent vendor,superb business  i do not think this item could have been shipped and received any quicker unless i had driven to a local store and picked it up myself  wish all internet businesses would strive to do transaction this way  adds confidence and credibility to the ecommerce world,superb business  i do not think this item could have been shipped and received any quicker unless i had driven to a local store and picked it up myself  wish all internet businesses would strive to do transaction this way  adds confidence and credibility to the ecommerce world
517,5,best deal on greenies,most dogs love greenies and they are supposed to be great for their teeth but they are also quite expensive i found this 96 count package on amazon for under 2500 note that this is the petite size as i have little dogs so if you are looking for the larger greenies you need to check the pricing the product arrived within a couple of days and is a great value normally a package of 6 or so petite greenies cost aprox 700,most dogs love greenies and they are supposed to be great for their teeth but they are also quite expensive i found this 96 count package on amazon for under 2500 note that this is the petite size as i have little dogs so if you are looking for the larger greenies you need to check the pricing the product arrived within a couple of days and is a great value normally a package of 6 or so petite greenies cost aprox 700
518,5,beach granny,my dog loves his greenies i give him one in the evening hoping that it cleans his teeth,my dog loves his greenies i give him one in the evening hoping that it cleans his teeth
519,5,great !!,this is a fantastic price on greenies and my dog cannot live without having at least 1 a day  thanks for a great product at a great price ,this is a fantastic price on greenies and my dog cannot live without having at least 1 a day  thanks for a great product at a great price 
520,5,good things!,my dog loves greenies treats and because they are good fo rher that makes them even better,my dog loves greenies treats and because they are good fo rher that makes them even better
521,5,my maltese gets one a night.,this is her goodnight treat  she loves these  we do not give her more then one a day and we like the teenie size the best,this is her goodnight treat  she loves these  we do not give her more then one a day and we like the teenie size the best
522,5,dogs love it,i always buy these on line for the dogs because the pet stores and grocery store prices are four times more  for my small 10 pound dogs i should have bought the teenie vice petite size though  great product,i always buy these on line for the dogs because the pet stores and grocery store prices are four times more  for my small 10 pound dogs i should have bought the teenie vice petite size though  great product
523,5,great price and my dog just loves 'em!,my mom and dad loved the price and i just think these are way yummy keep em coming i say as for delivery time they ordered them and we had them in a box within a few days not quite as fast as the pet store but they say for less money  even with shipping personally i need them more frequently than my parents give them to me please can i have another greenie i love minty fresh breath ill be good by alex a vizsla,my mom and dad loved the price and i just think these are way yummy keep em coming i say as for delivery time they ordered them and we had them in a box within a few days not quite as fast as the pet store but they say for less money  even with shipping personally i need them more frequently than my parents give them to me please can i have another greenie i love minty fresh breath ill be good by alex a vizsla
524,5,greenies good product but price has gone up,i have been buying this product for quite some time my dogs love them i was disappointed at how much the price went up recently i was also angry when i got my purchase which was advertised as 19 in a box and there were only 17,i have been buying this product for quite some time my dogs love them i was disappointed at how much the price went up recently i was also angry when i got my purchase which was advertised as 19 in a box and there were only 17
525,5,papillions love greenies!,our papillions love greenies  they help keep the tartar under control  this breed is notorious for bad tartar build up on their teeth and having to have dentals twice a year  with using the greenies daily they only have to have a dental once a year  this saves us over 400year,our papillions love greenies  they help keep the tartar under control  this breed is notorious for bad tartar build up on their teeth and having to have dentals twice a year  with using the greenies daily they only have to have a dental once a year  this saves us over 400year
526,5,my dog loves greenies,my dog loves greenies treats so i ordered him a big box for his christmas gift  hes been enjoying one every day  i feel good feeding him these treats because they are recommended by my vet and they are a natural treat that he enjoys,my dog loves greenies treats so i ordered him a big box for his christmas gift  hes been enjoying one every day  i feel good feeding him these treats because they are recommended by my vet and they are a natural treat that he enjoys
527,5,greenies,my dog loves the greenies he is a 12lbs pug and the tiny size were too small for him  these are a better size for him  he loves them  he recently decided that he didnt like many of his treats but he still loves these,my dog loves the greenies he is a 12lbs pug and the tiny size were too small for him  these are a better size for him  he loves them  he recently decided that he didnt like many of his treats but he still loves these
528,5,"yummy and good-for-you, too!",these treats occupy my dogs quietly while they clean their teeth at the same time the first time i tried them i bought the large ones to cut in half so id get more for my money but believe me it was definitely not worth the hassle they are very hard and hard to cut the regular size is perfect for my 5065 lb dogs,these treats occupy my dogs quietly while they clean their teeth at the same time the first time i tried them i bought the large ones to cut in half so id get more for my money but believe me it was definitely not worth the hassle they are very hard and hard to cut the regular size is perfect for my 5065 lb dogs
529,5,new softer greenies,i do like that the greenies are softer more chewable  i feel it makes the product a little bit safer for my dogs to have,i do like that the greenies are softer more chewable  i feel it makes the product a little bit safer for my dogs to have
530,1,bad for my dog,my dog was on a bland diet boiled chicken  rice so his poop was usually solid but a few days after eating 1 greenie a day his poop became more liquidy and green not sure if greenies was actually the cause until i googled and read on various dog forums about how greenies have affected other dogs stopped giving out my dog greenies and have thrown them away beware greenies can be bad so watch your dog after giving them out,my dog was on a bland diet boiled chicken  rice so his poop was usually solid but a few days after eating 1 greenie a day his poop became more liquidy and green not sure if greenies was actually the cause until i googled and read on various dog forums about how greenies have affected other dogs stopped giving out my dog greenies and have thrown them away beware greenies can be bad so watch your dog after giving them out
531,2,greenies treats,not the best product for the price i got these for my dog that has plaque problems but i havent really seen any improvement since we got them they are okay to give as a treat but as far as helping with plaque i dont think they work at all,not the best product for the price i got these for my dog that has plaque problems but i havent really seen any improvement since we got them they are okay to give as a treat but as far as helping with plaque i dont think they work at all
532,2,contradicting photo and description!,there is contradicting information  the description says senior greenie large while the photo shows regular as well as 27 treats versus 27 ounce  anyone that reviews and can clarify the actual product would be much appreciated,there is contradicting information  the description says senior greenie large while the photo shows regular as well as 27 treats versus 27 ounce  anyone that reviews and can clarify the actual product would be much appreciated
533,5,great product,i was amazed at how well these cleaned my dogs teeth he is not happy with getting his teeth brushed especially in the back the greenies have assisted with cleaning this hard to reach area i have read other reviews where people have had trouble with their dogs trying to chew off too much and choking or whatever  my solution stay with your dog as they chew anything this is just plain common sense i also give it after his evening meal so that he wont try to swallow to big of bites,i was amazed at how well these cleaned my dogs teeth he is not happy with getting his teeth brushed especially in the back the greenies have assisted with cleaning this hard to reach area i have read other reviews where people have had trouble with their dogs trying to chew off too much and choking or whatever  my solution stay with your dog as they chew anything this is just plain common sense i also give it after his evening meal so that he wont try to swallow to big of bites
534,4,very good value - but manufacturer should switch to a larger bulk bag,this was an excellent value of buying on amazon versus the pet storesbr it was packaged and labeled well for shipmentbr br however  the manufacturers plastic top of the box itself is a little cheap and less functional than i expected  frankly the whole top has to come off each time i want to give my dog a single chewbr br so  im actually putting these chews into a dog treat jar that has a openandclose top with a tabbr br the manufacturer could simply change the bulk packaging to a bag  frankly a ziploc bag would be just as functional and probably have a lower manufacturing cost than the box,this was an excellent value of buying on amazon versus the pet storesbr it was packaged and labeled well for shipmentbr br however  the manufacturers plastic top of the box itself is a little cheap and less functional than i expected  frankly the whole top has to come off each time i want to give my dog a single chewbr br so  im actually putting these chews into a dog treat jar that has a openandclose top with a tabbr br the manufacturer could simply change the bulk packaging to a bag  frankly a ziploc bag would be just as functional and probably have a lower manufacturing cost than the box
535,5,suppliers make all the difference!,since all greenies are the same i would suppose that only the suppliers of greenies could make the difference and this one certainly didbr we received our order for an amazing cocker spaniel in very good time which made us all very happybr and as far as price goes that was really a surprisebr even with postage these healthy treats cost less than we had been paying for them in pet stores here in salt lake citybr you can surely look forward to many more orders from usbr thanks for the great treatmentbr ray joan and tazbr br ps  i have no idea of how the identifying picture of the product i reviewed got switchedbr br however please do not let your dog eat the microfiber cloths even the green ones,since all greenies are the same i would suppose that only the suppliers of greenies could make the difference and this one certainly didbr we received our order for an amazing cocker spaniel in very good time which made us all very happybr and as far as price goes that was really a surprisebr even with postage these healthy treats cost less than we had been paying for them in pet stores here in salt lake citybr you can surely look forward to many more orders from usbr thanks for the great treatmentbr ray joan and tazbr br ps  i have no idea of how the identifying picture of the product i reviewed got switchedbr br however please do not let your dog eat the microfiber cloths even the green ones
536,5,"the pet dog is delighted, too!",i gave a pet dog plural resemblance products but have got tired directly so farbr however the pet dog continues greenies and wants it,i gave a pet dog plural resemblance products but have got tired directly so farbr however the pet dog continues greenies and wants it
537,5,wonderful treat,my shih tzu is seven and has had one greenie a day for years  she is happy healthy and has great teeth  she begs for her greenie every morning  dont worry about greenies causing allergies  the main source of allergies is corn in dog food  do your little one a favor and go to a grain free or reduced grain dog food  when you think about it wild dogs didnt eat corn meal  if your little one has allergies you will be amazed at the immediate healing,my shih tzu is seven and has had one greenie a day for years  she is happy healthy and has great teeth  she begs for her greenie every morning  dont worry about greenies causing allergies  the main source of allergies is corn in dog food  do your little one a favor and go to a grain free or reduced grain dog food  when you think about it wild dogs didnt eat corn meal  if your little one has allergies you will be amazed at the immediate healing
538,5,"excellent seller, excellent service, excellent prices!",i would not only order from this seller again i have also told all my friends about this sellers store,i would not only order from this seller again i have also told all my friends about this sellers store
539,2,great product... misleading product picture.,my akc english bulldog has been using greenies since he was a puppy and hasnt had any problems with it ive always given him the correct size greenie for his weight and have never had to take him to the vet yet i never leave him unattended with his greenie the only problem i had with this particular seller was the picture on display and what i recieved in the mail please dont make the same mistake i did there are only 17 greenies in the box would have been better off buying them at petsmart,my akc english bulldog has been using greenies since he was a puppy and hasnt had any problems with it ive always given him the correct size greenie for his weight and have never had to take him to the vet yet i never leave him unattended with his greenie the only problem i had with this particular seller was the picture on display and what i recieved in the mail please dont make the same mistake i did there are only 17 greenies in the box would have been better off buying them at petsmart
540,5,another happy dog and owner,i am sad to say that my dogs are completely addicted to greenies they get one every night after our walk and they never let us forget once we get inside they go right to their crates and sit and wait until their treats are given good treat for small dogs and a great price on amazon,i am sad to say that my dogs are completely addicted to greenies they get one every night after our walk and they never let us forget once we get inside they go right to their crates and sit and wait until their treats are given good treat for small dogs and a great price on amazon
541,5,terrific product for doggie breath!,the greenies ordered through amazon is less expensive than the bricks  mortar stores and i plan to order another box  we received the product a few days after placing the orderbr br terrific product and our lab loves this treat,the greenies ordered through amazon is less expensive than the bricks  mortar stores and i plan to order another box  we received the product a few days after placing the orderbr br terrific product and our lab loves this treat
542,5,brandi,my dog brandi lovessssssssssssssssssss these greenies she cant get enough of them and i keep them in cabinet she will look at cabinet and than look at me and say ma can i please have a greenie im not kiddin shes a dog but she talks to me they have there own communicationbr anyway whoever is leary about buying these trust me when i tell you they are worth every pennie and this seller got them out to me quickgreat product great seller what more can i say butbr merry xmas and a happy healthy new year too,my dog brandi lovessssssssssssssssssss these greenies she cant get enough of them and i keep them in cabinet she will look at cabinet and than look at me and say ma can i please have a greenie im not kiddin shes a dog but she talks to me they have there own communicationbr anyway whoever is leary about buying these trust me when i tell you they are worth every pennie and this seller got them out to me quickgreat product great seller what more can i say butbr merry xmas and a happy healthy new year too
543,5,our dogs love them,our two greyhounds love the greenies dental chews  i prefer to buy them the smaller treats since they are both seniors now and dont like to chew on things for extended periods of time  the regular size fits that need,our two greyhounds love the greenies dental chews  i prefer to buy them the smaller treats since they are both seniors now and dont like to chew on things for extended periods of time  the regular size fits that need
544,3,full of worms,when we opened the box we found it to be full of small worms my husband was able to remove them with a small brush but they shouldnt have been there in the first place we have gone through many many boxes of greenies and this is the first time we found worms in them the dogs love the greenies and it helps their teeth a lot,when we opened the box we found it to be full of small worms my husband was able to remove them with a small brush but they shouldnt have been there in the first place we have gone through many many boxes of greenies and this is the first time we found worms in them the dogs love the greenies and it helps their teeth a lot
545,5,great deal,as always amazing price on amazon paid the same price for 45 chews as i did for half the amount at the local pet store product shipped extremely quick even using the super saver shipping my dog absolutely loves these treats she hates going to her crate but if i grab one of these out of the box that it came in show it to her and say bed she literally sprints to her crate in anticipation highly recommended oh and her breath is about half as stinky as it was before i started giving her these,as always amazing price on amazon paid the same price for 45 chews as i did for half the amount at the local pet store product shipped extremely quick even using the super saver shipping my dog absolutely loves these treats she hates going to her crate but if i grab one of these out of the box that it came in show it to her and say bed she literally sprints to her crate in anticipation highly recommended oh and her breath is about half as stinky as it was before i started giving her these
546,4,doggie crack,dogs love greenies we cant even say or spell the word without our three flipping out their daily greenie is the high point of their day greenies work as advertised keeping their teeth white and their breath smelling as good as a dogs breath can,dogs love greenies we cant even say or spell the word without our three flipping out their daily greenie is the high point of their day greenies work as advertised keeping their teeth white and their breath smelling as good as a dogs breath can
547,5,greenies,what can i say to my dogs giving them a greenie is like giving them a steak the minute they hear the box being take out of the closet they are right at my feet,what can i say to my dogs giving them a greenie is like giving them a steak the minute they hear the box being take out of the closet they are right at my feet
548,5,"great for my old, spoiled dog",my elderly soontobe 17 beagle dakota is super picky about what he eats  making a different dish has to have different protein source and flavoring every other night is the only way i can keep weight on this once foodfrenzied chow hound  the only consistent item he eats  including dog treats and human table food  are greenies treats  the senior variety is the perfect texture softer than the regular greenies treats for his aging sensitive teeth  the inclusion of glucosamine and chondroitin to help with his joints give me hope that it helps the creaking and cracking of his joints  whatever the formula they use to make it easier to digest is a plus since i know his aging system doesnt work as well in his older years  dakota gets one petite greenies senior treat everyday and he has never turned down an offer for one yet,my elderly soontobe 17 beagle dakota is super picky about what he eats  making a different dish has to have different protein source and flavoring every other night is the only way i can keep weight on this once foodfrenzied chow hound  the only consistent item he eats  including dog treats and human table food  are greenies treats  the senior variety is the perfect texture softer than the regular greenies treats for his aging sensitive teeth  the inclusion of glucosamine and chondroitin to help with his joints give me hope that it helps the creaking and cracking of his joints  whatever the formula they use to make it easier to digest is a plus since i know his aging system doesnt work as well in his older years  dakota gets one petite greenies senior treat everyday and he has never turned down an offer for one yet
549,4,dog loves them,these are recommended by all vets that ive seen  they are healthy clean teeth and my dog loves them  i cut them in half though as if he eats a whole large one his tummy doesnt like it  he has a very sensitive stomach though,these are recommended by all vets that ive seen  they are healthy clean teeth and my dog loves them  i cut them in half though as if he eats a whole large one his tummy doesnt like it  he has a very sensitive stomach though
550,1,worms in greenies?????,this is my second box of greenies that i have been quite pleased up until today  i pull out on greenie and found a worm along with larvae this is horrible  i had this box for 3 months  i emptied the box and found about a dozen more worms and was disgusted  i couldnt believe greenies product was contaminating my dogs  the expiration date is dated 2013 so this clearly shows that there is something wrong with this product  i hope someone from the greenies department will give contact me to fix this  i will be posting these comments on every doggy treat review forumwebsite until i hear from someone so i know that they are trying to fix it and shows how much they value their customers and product  i dont know how long i have been feeding greenies with worms in them so my two pups will now have to go to the vet,this is my second box of greenies that i have been quite pleased up until today  i pull out on greenie and found a worm along with larvae this is horrible  i had this box for 3 months  i emptied the box and found about a dozen more worms and was disgusted  i couldnt believe greenies product was contaminating my dogs  the expiration date is dated 2013 so this clearly shows that there is something wrong with this product  i hope someone from the greenies department will give contact me to fix this  i will be posting these comments on every doggy treat review forumwebsite until i hear from someone so i know that they are trying to fix it and shows how much they value their customers and product  i dont know how long i have been feeding greenies with worms in them so my two pups will now have to go to the vet
551,1,observe pet reactions to greenies,i had good results with this product six months ago  however a second purchase that i just opened caused all of my three dogs to vomit within minutes of eating the product  i removed other items from their diet to be sure and it did it again instantly i contacted the company about it and they have claimed no other problems existsuggesting i must have tainted the product or have exposed it to an environment making the dog snacks unstable or the company i purchased them from somehow did something to the product hmm sounds troubling to me especially from the factory i have seen other issues out there regarding this product which vary  use your own methods of making a control group but be sure to see they have proper bowel movements and are not vomiting after you feed them the product  secondly greeniescomthe nutro company will not honor purchases made through unauthorized vendors  amazon directly is an authorized vendor  monster pets is not authorized to resell these items and only those vendors listed on their website are authorized  they will only help you returnrefund something if it was purchased through an authorized vendor  this now makes me leery of items purchased through amazon marketplace particularly food items  buyer beware  caveat emptor,i had good results with this product six months ago  however a second purchase that i just opened caused all of my three dogs to vomit within minutes of eating the product  i removed other items from their diet to be sure and it did it again instantly i contacted the company about it and they have claimed no other problems existsuggesting i must have tainted the product or have exposed it to an environment making the dog snacks unstable or the company i purchased them from somehow did something to the product hmm sounds troubling to me especially from the factory i have seen other issues out there regarding this product which vary  use your own methods of making a control group but be sure to see they have proper bowel movements and are not vomiting after you feed them the product  secondly greeniescomthe nutro company will not honor purchases made through unauthorized vendors  amazon directly is an authorized vendor  monster pets is not authorized to resell these items and only those vendors listed on their website are authorized  they will only help you returnrefund something if it was purchased through an authorized vendor  this now makes me leery of items purchased through amazon marketplace particularly food items  buyer beware  caveat emptor
552,1,no go,my dog wont eat these things i can offer her nothing else to eat all day and she still will literally turn her back and walk away from these things i tried gifting them to another small dog owner only to find they are warned against as a choking hazard turns out they are so gummy that they sometimes get stuck in a dogs throat and choke the poor thing to death maybe my dog knew something i didnt or maybe they just dont taste or smell that good to some dogs buyer beware message me if you want an almost full 96 count box for just the cost of shipping since if you are going to buy them i hate to throw away something someone else can use,my dog wont eat these things i can offer her nothing else to eat all day and she still will literally turn her back and walk away from these things i tried gifting them to another small dog owner only to find they are warned against as a choking hazard turns out they are so gummy that they sometimes get stuck in a dogs throat and choke the poor thing to death maybe my dog knew something i didnt or maybe they just dont taste or smell that good to some dogs buyer beware message me if you want an almost full 96 count box for just the cost of shipping since if you are going to buy them i hate to throw away something someone else can use
553,5,greenies,my dog loves her greenies she gets one every morning if i forget to give her one she lets me know it in no uncertain termsbr i buy them from amazon because the price is right petsmart wants to much for thembr i just ordered them yesterday received them todaybr br thanks,my dog loves her greenies she gets one every morning if i forget to give her one she lets me know it in no uncertain termsbr i buy them from amazon because the price is right petsmart wants to much for thembr i just ordered them yesterday received them todaybr br thanks
554,4,just as pictured,nice to have a box to store the greenies but the lid doesnt really fit back on once you open it its really flimsy plastic  inside is a ziploc bag of greenies,nice to have a box to store the greenies but the lid doesnt really fit back on once you open it its really flimsy plastic  inside is a ziploc bag of greenies
555,5,greenies,this product is just what we wanted doggie loves themand i can hardly believe how fast they got here excellent sellerbunny,this product is just what we wanted doggie loves themand i can hardly believe how fast they got here excellent sellerbunny
556,1,these scare me.  look at what i've found online:,i was all set to buy these thinking theyd be great for my dog  then i foundbr br at least 13 dogs have died after being fed the topselling pet treat in the country owners and veterinarians have told cnn the problem comes because the treats called greenies become lodged in a dogs esophagus or intestine and then some veterinarians say they dont break down a cnn investigation uncovered 40 cases since 2003 where a veterinarian had to extract a greenie from a dog after the treat became lodged either in the animals esophagus or intestine in 13 of those cases the pet diedbr br the directions also tell customers to monitor dogs to ensure the treat is adequately chewed and to always offer water after feeding gulping any item can be harmful or even fatal to a dog the directions saybr br some vets and pet owners say the directions are unrealistic  these things tend to be wolfed down said dr brendan mckiernan a board certified internist at the wheat ridge animal hospital outside denver they are meant to be chewed carefully but thats like giving a sharp knife to your 2yearold dogs cant be controlled that way  br br even though the info from these links may be before they improved them and considering the following quote  at the end of the day  literally millions of greenies are enjoyed by dogs on a weekly basis with absolutely no incidentsbr br br im still extremely leary,i was all set to buy these thinking theyd be great for my dog  then i foundbr br at least 13 dogs have died after being fed the topselling pet treat in the country owners and veterinarians have told cnn the problem comes because the treats called greenies become lodged in a dogs esophagus or intestine and then some veterinarians say they dont break down a cnn investigation uncovered 40 cases since 2003 where a veterinarian had to extract a greenie from a dog after the treat became lodged either in the animals esophagus or intestine in 13 of those cases the pet diedbr br the directions also tell customers to monitor dogs to ensure the treat is adequately chewed and to always offer water after feeding gulping any item can be harmful or even fatal to a dog the directions saybr br some vets and pet owners say the directions are unrealistic  these things tend to be wolfed down said dr brendan mckiernan a board certified internist at the wheat ridge animal hospital outside denver they are meant to be chewed carefully but thats like giving a sharp knife to your 2yearold dogs cant be controlled that way  br br even though the info from these links may be before they improved them and considering the following quote  at the end of the day  literally millions of greenies are enjoyed by dogs on a weekly basis with absolutely no incidentsbr br br im still extremely leary
557,1,worm found on greenies joint care,just opened greenies joint care individually sealed in december 2011 and found small worm crawling all over it  next one looked fine but really supposed to trust these now,just opened greenies joint care individually sealed in december 2011 and found small worm crawling all over it  next one looked fine but really supposed to trust these now
558,2,not too thrilled,i expected to recieve a box of greenies which is why i ordered this  i thought that it would be a nice and neat way to store them  instead what i recieved was a bubble bag full of individually wrapped greenies  not neat and easily stored at all  the picture of this item shows a box but i did not recieve a box of greenies  i wish i would have just ordered the bag of greenies with the ziploc top at least that is easily stored  my dog also has a sensitive stomach and food allergies even though greenies dont have corn in them he still pukes them up and doesnt seem interested in them when i try to give him one  my larger dog has the bigger size and he likes them just fine so i guess it just depends on your dog  my main complain about this purchase was that i didnt recieve the box of greenies that is described  maybe they ran out and just threw 45 individually wrapped greenies in a bubble mailer either way that was disappointing,i expected to recieve a box of greenies which is why i ordered this  i thought that it would be a nice and neat way to store them  instead what i recieved was a bubble bag full of individually wrapped greenies  not neat and easily stored at all  the picture of this item shows a box but i did not recieve a box of greenies  i wish i would have just ordered the bag of greenies with the ziploc top at least that is easily stored  my dog also has a sensitive stomach and food allergies even though greenies dont have corn in them he still pukes them up and doesnt seem interested in them when i try to give him one  my larger dog has the bigger size and he likes them just fine so i guess it just depends on your dog  my main complain about this purchase was that i didnt recieve the box of greenies that is described  maybe they ran out and just threw 45 individually wrapped greenies in a bubble mailer either way that was disappointing
559,1,puppy didn't like,bought the big box to be economicalbad choice my dog ate one reluctantly and then never ate anotherand this was over months  i gave them to a friend  my friend who owns a dog store said that many dogs have digestive upset with these so im not sad that my dog didnt like them,bought the big box to be economicalbad choice my dog ate one reluctantly and then never ate anotherand this was over months  i gave them to a friend  my friend who owns a dog store said that many dogs have digestive upset with these so im not sad that my dog didnt like them
560,3,i don't recommend this treat for your dog.,from a taste perspective your dog will probably love this product however i do not recommend that you buy it for your dog  as with any dental treat the purpose is for the dog to chew it and work the toothpaste that is in the treat around the teeth to get them nice and clean  the problem with this treat is that dogs will literally eat them in three bites which means that the treat is not working on the teeth  also because the dog eats them in three bites this product is much more likely to put your dog at risk of choking on them  this product is very expensive and from my opinion i just dont recommend them,from a taste perspective your dog will probably love this product however i do not recommend that you buy it for your dog  as with any dental treat the purpose is for the dog to chew it and work the toothpaste that is in the treat around the teeth to get them nice and clean  the problem with this treat is that dogs will literally eat them in three bites which means that the treat is not working on the teeth  also because the dog eats them in three bites this product is much more likely to put your dog at risk of choking on them  this product is very expensive and from my opinion i just dont recommend them
561,1,very disappointed,i ordered 3 packs of 27count greenie dog chews from entirely pets and have ordered this product from various sources for many years i have now opened the 2nd pack and both were the same  all of the greenies were stuck together in one big lump  i had to forcibly pull them apart  although i didnt try them myself it leads me to believe these are old products and probably stale  i will not order from this vendor again even if it is a buck or so cheaper,i ordered 3 packs of 27count greenie dog chews from entirely pets and have ordered this product from various sources for many years i have now opened the 2nd pack and both were the same  all of the greenies were stuck together in one big lump  i had to forcibly pull them apart  although i didnt try them myself it leads me to believe these are old products and probably stale  i will not order from this vendor again even if it is a buck or so cheaper
562,2,good but gone,supposed to be for cleaning their teeth  right  well  that would assume they held up to some for of chewing  our little border terrier not collie eats one of these in about 5 minutes  too fast to be of any use to the teeth and almost too fast to cause concern in the digestive tract  bummer too because these are supposed to be great for pups teeth  just an agressive chewer defeats greenie  thats all,supposed to be for cleaning their teeth  right  well  that would assume they held up to some for of chewing  our little border terrier not collie eats one of these in about 5 minutes  too fast to be of any use to the teeth and almost too fast to cause concern in the digestive tract  bummer too because these are supposed to be great for pups teeth  just an agressive chewer defeats greenie  thats all
563,1,beware,i have bought greenies for my dog for 7 years since she was a puppy she has always had digestive problems but we didnt know why while googling greenies a couple of weeks ago i found that several dogs have died because they were not able to digest greenies please do some research before buying this product again it could save your dogs life since switching to another dog treat my dog has not had any problems although it has only been two weeks,i have bought greenies for my dog for 7 years since she was a puppy she has always had digestive problems but we didnt know why while googling greenies a couple of weeks ago i found that several dogs have died because they were not able to digest greenies please do some research before buying this product again it could save your dogs life since switching to another dog treat my dog has not had any problems although it has only been two weeks
564,3,greenies,i thought the greenies were the petite size for small dogs instead they were much larger im having to cut them in half for my 6 yorkie,i thought the greenies were the petite size for small dogs instead they were much larger im having to cut them in half for my 6 yorkie
565,2,i like greenies but these are too tiny and snap in half,im a fan of greenies for dogs however this size is just too small and almost immediately snap in half the issue with that is they end up chewing each 12 down to a size that is easy to gag and choke on part of the advantage to greenies is that theyre supposed to break down to tiny bits that are easily swallowed these breaking in half defeats the purposebr br for puppies and even for grown up tiny dogs i recommend going one size up,im a fan of greenies for dogs however this size is just too small and almost immediately snap in half the issue with that is they end up chewing each 12 down to a size that is easy to gag and choke on part of the advantage to greenies is that theyre supposed to break down to tiny bits that are easily swallowed these breaking in half defeats the purposebr br for puppies and even for grown up tiny dogs i recommend going one size up
566,1,dog wont eat them,had to buy another box of the same thing at petsmart she eats those  must not be fresh  how can you tell when they look the same,had to buy another box of the same thing at petsmart she eats those  must not be fresh  how can you tell when they look the same
567,2,our dogs liked them ok...but!~,our dogs liked them okbutgreenies dental chews for dogs teenie pack 96 chewsthey are pricey and our two pooches love veggi dental chews thats all we buy them now on amazon of course,our dogs liked them okbutgreenies dental chews for dogs teenie pack 96 chewsthey are pricey and our two pooches love veggi dental chews thats all we buy them now on amazon of course
568,5,can't live without,my dogs must have a daily greenie 1st thing in the morning  if i run out there is hell to pay if they wake before me they start licking my face so bad that i have to wash it  i have 2 maltese and they literally start dancing when i bring out the box last order i made a mistake and bought 6 boxes so i should be set for a whilebr 27 ounce 96 count teenie tub packbr br i dont understand how you can sell used greenies  please explainbr br i also purchased a kindle  i love it i have optic neuritis from multiple sclerosis and i am now able to read by adjusting the fontbr i am dissapointed  that the letters are wearing off and the covers are so expensive  my cousin made me a beautiful one out of quilt much nicer than the 50 ones from amazon i told her she should sell them,my dogs must have a daily greenie 1st thing in the morning  if i run out there is hell to pay if they wake before me they start licking my face so bad that i have to wash it  i have 2 maltese and they literally start dancing when i bring out the box last order i made a mistake and bought 6 boxes so i should be set for a whilebr 27 ounce 96 count teenie tub packbr br i dont understand how you can sell used greenies  please explainbr br i also purchased a kindle  i love it i have optic neuritis from multiple sclerosis and i am now able to read by adjusting the fontbr i am dissapointed  that the letters are wearing off and the covers are so expensive  my cousin made me a beautiful one out of quilt much nicer than the 50 ones from amazon i told her she should sell them
569,3,greenies are greenies!,dogs love them this box was economical as compared to vet prices but they by no means help my dogs bad breath  i get stared down every night at treat time by my golden retrieve and sheltie until i am forced to get out of my comfy chair and give them their expected dessert every single night  as always my dogs walk all over me lol,dogs love them this box was economical as compared to vet prices but they by no means help my dogs bad breath  i get stared down every night at treat time by my golden retrieve and sheltie until i am forced to get out of my comfy chair and give them their expected dessert every single night  as always my dogs walk all over me lol
570,1,deadly!!!!!,i am writing this because this product killed my inlaws 2 year old yorkie they have been breeding yorkies for 18 years and this was the first product they have used that killed one of there dogs they started using this product this past summer sweetie the dog was chewing on the greenie chew in front of both of them when she started convulsing  they immediately took her a 12 mile to the vet by the time they arrived there sweetie was dead  the greenie had pierced her trachea  please be aware od how dangerous these could be to small dogs,i am writing this because this product killed my inlaws 2 year old yorkie they have been breeding yorkies for 18 years and this was the first product they have used that killed one of there dogs they started using this product this past summer sweetie the dog was chewing on the greenie chew in front of both of them when she started convulsing  they immediately took her a 12 mile to the vet by the time they arrived there sweetie was dead  the greenie had pierced her trachea  please be aware od how dangerous these could be to small dogs
571,1,do not feed this product to pugs.,my pug almost died from this product a piece did not digest and got stuck in his intestinal tract he had to have emergency surgery and 300000 later is now ok any knowledgeable pug breeder will tell you not to feed these to your pug all the company did was refund me 2500 for the cost of the product,my pug almost died from this product a piece did not digest and got stuck in his intestinal tract he had to have emergency surgery and 300000 later is now ok any knowledgeable pug breeder will tell you not to feed these to your pug all the company did was refund me 2500 for the cost of the product
572,1,not the best,my dog was on a bland diet boiled chicken  rice so his poop was usually solid but a few days after eating 1 greenie a day his poop became more liquidy and green not sure if greenies was actually the cause until i googled and read on various dog forums about how greenies have affected other dogs stopped giving out my dog greenies and have thrown them away beware greenies can be bad so watch your dog after giving them out,my dog was on a bland diet boiled chicken  rice so his poop was usually solid but a few days after eating 1 greenie a day his poop became more liquidy and green not sure if greenies was actually the cause until i googled and read on various dog forums about how greenies have affected other dogs stopped giving out my dog greenies and have thrown them away beware greenies can be bad so watch your dog after giving them out
573,1,96=45,just because you see 96 treats on the box your crazy if you think thats how many your buying everyone knows 96 really means 45,just because you see 96 treats on the box your crazy if you think thats how many your buying everyone knows 96 really means 45
574,3,my dogs love them,my  dogs love them they are pricey for a treat thobr i did not notice any change on their teeth plaque stayed the same even tho i gave it to my  dog 2 times a day for few months still needed to go to the vet for  deep teeth cleaning,my  dogs love them they are pricey for a treat thobr i did not notice any change on their teeth plaque stayed the same even tho i gave it to my  dog 2 times a day for few months still needed to go to the vet for  deep teeth cleaning
575,5,yummy!!!,my name is duncan and im a mommys boy and she and dad love me so much that they give me one of these every day after supper  they taste great and clean my teeth at the same time  all my friends love them too they buy them from amazon because the price is good  im going to have them get on the automatic sending list so ill never run out,my name is duncan and im a mommys boy and she and dad love me so much that they give me one of these every day after supper  they taste great and clean my teeth at the same time  all my friends love them too they buy them from amazon because the price is good  im going to have them get on the automatic sending list so ill never run out
576,1,greenies are not digestible -your puppy will vomit and have diarrhea and will get very sick,i made the mistake to give a greeny to my puppy without reading reviews about this product it was a bad idea the poor puppy got very sick after eating a greenie he vomited and had diarrheabr br i took him to urgent care and the vets verdictinformed on the xraywas a greenie got stocked in his intestinebr br i was very lucky to get the puppy recovered with medicine but surgery was being considered by the vet mind about 7000 on the worst case scenario my puppy could have died because his intestinal system was obstructed for 34 daysbr br after this unfortunate incident i lookedup for reviews about this unsafe product and not to be surprised i found several concerning stories like mine i also learned that few dog owners have sued greenies because they believe it was the reason that provoked an obstruction to their pets digestive system sadly resulting on death roughly 315 million greenies were sold last year but the breathfreshening treats have been blamed for at least 13 pet deaths and more than two dozen complaints have been filed with the feds dogstercombr br note that as the product label says greenies are not 100 digestible and if you read with more attention the label has a warning saying that dogs may get sick or even chock when ingesting a greeniebr br at the end of the day its hard to believe that there are companies like grennies that dont address these issues and just care about marketing and profiting not so much about producing a healthy safe treat for our best buddiesbr br in any case id recommend to ask your vet or read more dog owners reviews before giving greenies to your dog,i made the mistake to give a greeny to my puppy without reading reviews about this product it was a bad idea the poor puppy got very sick after eating a greenie he vomited and had diarrheabr br i took him to urgent care and the vets verdictinformed on the xraywas a greenie got stocked in his intestinebr br i was very lucky to get the puppy recovered with medicine but surgery was being considered by the vet mind about 7000 on the worst case scenario my puppy could have died because his intestinal system was obstructed for 34 daysbr br after this unfortunate incident i lookedup for reviews about this unsafe product and not to be surprised i found several concerning stories like mine i also learned that few dog owners have sued greenies because they believe it was the reason that provoked an obstruction to their pets digestive system sadly resulting on death roughly 315 million greenies were sold last year but the breathfreshening treats have been blamed for at least 13 pet deaths and more than two dozen complaints have been filed with the feds dogstercombr br note that as the product label says greenies are not 100 digestible and if you read with more attention the label has a warning saying that dogs may get sick or even chock when ingesting a greeniebr br at the end of the day its hard to believe that there are companies like grennies that dont address these issues and just care about marketing and profiting not so much about producing a healthy safe treat for our best buddiesbr br in any case id recommend to ask your vet or read more dog owners reviews before giving greenies to your dog
577,1,greenies dental chews for dogs,consumers beware of greenie products for dogs or cats it contains a very toxic ingriedant called menadione sodium bisulfite msbwhich is a synthetic man made form of vitamin k3 and causes cancer organ damage kidneyslungsliverand mucous membranes it is also in almost all dry and canned pet foods chech your ingredients on all of your pet treats and foods this will kill your pets check to see if bhabhtand propylne glycol are listed in your treats and foods both dry and canned these will kill pets,consumers beware of greenie products for dogs or cats it contains a very toxic ingriedant called menadione sodium bisulfite msbwhich is a synthetic man made form of vitamin k3 and causes cancer organ damage kidneyslungsliverand mucous membranes it is also in almost all dry and canned pet foods chech your ingredients on all of your pet treats and foods this will kill your pets check to see if bhabhtand propylne glycol are listed in your treats and foods both dry and canned these will kill pets
578,1,fatal,why arent there more negative reviews on the site  greenies are known for the harm theyve caused many dogs just look it up to see for yourselfbr years ago my pomeranian died due to biting off a chunk of a greenie bone and having it obstruct her intestinebr it was a painful and horrific death and i found out the same thing has happened to many other dogs to the fact that they are full of cellulose fiber  there are many other types of teethcleaning bones out there that wont seriously injure your dogs  theyre probably cheaper as well,why arent there more negative reviews on the site  greenies are known for the harm theyve caused many dogs just look it up to see for yourselfbr years ago my pomeranian died due to biting off a chunk of a greenie bone and having it obstruct her intestinebr it was a painful and horrific death and i found out the same thing has happened to many other dogs to the fact that they are full of cellulose fiber  there are many other types of teethcleaning bones out there that wont seriously injure your dogs  theyre probably cheaper as well
579,1,my dog won't eat them,bought these for my little shihtzu a few months ago and he just will not eat or even chew on these things and hes a chewer chews on everything else in the house anyway i tried coating it in peanut butter and he ate the first one but the next time i tried he knew i was trying to trick him and wouldnt go near it,bought these for my little shihtzu a few months ago and he just will not eat or even chew on these things and hes a chewer chews on everything else in the house anyway i tried coating it in peanut butter and he ate the first one but the next time i tried he knew i was trying to trick him and wouldnt go near it
580,3,best price...,im not sure how much i like this product because im always a little concerned our puppies might choke on the greenies which tend to be a bit small  when it comes to oral hygiene i actually prefer the cet chews  a hrefhttpwwwamazoncomgpproductb001p3pr54cet enzymatic oral hygiene chews for petite dogs 30 chewsa  having said that if you already know you like greenies this seems to be the best price anywhere,im not sure how much i like this product because im always a little concerned our puppies might choke on the greenies which tend to be a bit small  when it comes to oral hygiene i actually prefer the cet chews  a hrefhttpwwwamazoncomgpproductb001p3pr54cet enzymatic oral hygiene chews for petite dogs 30 chewsa  having said that if you already know you like greenies this seems to be the best price anywhere
581,1,be careful with wheat gluten,ill admit i am reviewing a product i have not used  the reason is that wheat gluten is about the 1 cause of allergies in dogs  when wheat gluten is broken down it gets very sticky so it coats the cilia of the digestive tract  this can cause irritation and cause the immune system to actually destroy the lining of the intestines  this means that your pup might not be able to absorb all the nutrients he is eatingbr br often allergies show up as hot spots where the dog gets itchy and possibly scratches fur off  the problem with food allergies is its possible that they wont be obvious because all the damage will be internalbr br so i have not seen a problem with this product but i have known dogs who have had terrible reactions to wheat  its the same things as gluten intolerancein humans but its much more common in dogs who are not quite as good at digesting grains  wheat flour can be bad enough but including concentrated wheat protein is much worse  because that is what causes the allergies,ill admit i am reviewing a product i have not used  the reason is that wheat gluten is about the 1 cause of allergies in dogs  when wheat gluten is broken down it gets very sticky so it coats the cilia of the digestive tract  this can cause irritation and cause the immune system to actually destroy the lining of the intestines  this means that your pup might not be able to absorb all the nutrients he is eatingbr br often allergies show up as hot spots where the dog gets itchy and possibly scratches fur off  the problem with food allergies is its possible that they wont be obvious because all the damage will be internalbr br so i have not seen a problem with this product but i have known dogs who have had terrible reactions to wheat  its the same things as gluten intolerancein humans but its much more common in dogs who are not quite as good at digesting grains  wheat flour can be bad enough but including concentrated wheat protein is much worse  because that is what causes the allergies
582,1,find another treat,i have an almost two year old lab mix named ares i willingly admit to spoiling him and didnt mind getting him these over priced treats his vet told us that his joints were in need of attention so i took it upon myself to buy greenies treats that support joint care for large dogs i started with a small bag to see if he liked them which he did he was in love with them i noticed he had a bit more gas than usual coupled with some less solid poop but i didnt really read to much into it after giving him these treats he farted almost constantly he also had diarrhea on a regular basiswithin a week of feeding him these on a regular basis he would stay in the squatting poop position for about three to five minutes every time he pooped trying to get more out once he got to the point that he was leaking diarrhea onto my floor it hit me i called his vet who advised me to discontinue use of this horrid product after which i looked up reviews and was horrified at what i read this stuff is posion its killing dogs and cats dont lose your best friend or waste your money find a better product your best friend deserves it,i have an almost two year old lab mix named ares i willingly admit to spoiling him and didnt mind getting him these over priced treats his vet told us that his joints were in need of attention so i took it upon myself to buy greenies treats that support joint care for large dogs i started with a small bag to see if he liked them which he did he was in love with them i noticed he had a bit more gas than usual coupled with some less solid poop but i didnt really read to much into it after giving him these treats he farted almost constantly he also had diarrhea on a regular basiswithin a week of feeding him these on a regular basis he would stay in the squatting poop position for about three to five minutes every time he pooped trying to get more out once he got to the point that he was leaking diarrhea onto my floor it hit me i called his vet who advised me to discontinue use of this horrid product after which i looked up reviews and was horrified at what i read this stuff is posion its killing dogs and cats dont lose your best friend or waste your money find a better product your best friend deserves it
583,3,not long lasting,i bought two of these at a pet store one for 100lb plus dogs my lab is 45 lbs she consumed it in minutesbr i also got a small one for my older chihuahua mix she consumed it within minutesbr long lasting they are not br br bull sticks are the only item i have found that last a while however they smell bad even the so called orderless ones,i bought two of these at a pet store one for 100lb plus dogs my lab is 45 lbs she consumed it in minutesbr i also got a small one for my older chihuahua mix she consumed it within minutesbr long lasting they are not br br bull sticks are the only item i have found that last a while however they smell bad even the so called orderless ones
584,1,greenies made my dog sick,do not buy these for your dog i made the mistake of not researching greenies dental chews online before buying these if you google the greenies and how sick it may make your dog you will be shocked these are still on the market dogs have died eating this deadly poisonous treatbr br i saw the reviews on this product and i bought the teenies for my yorkshire terrier and gave it to him at night after his dinner i figured since its for 515 lb dogs and his first time ill give him just half of the teenie the next morning he didnt eat and he threw up bile and some of the food he ate from the night before and remember i only gave him 12 a piece imagine if i gave him an entire piece it might get obstructed in his intestinesbr br i complained to amazon and they wanted to send me a replacement seriously like after all that for making my dog sick you think that i should try it again plus they wanted the greenies back for what to resell this poison they wouldnt even mail me a box to return it eventually they just decided to send me a refund and that i can discard the greeniesbr br i just want to warn pet owners of this danger there are plenty of similar complaints on this product if you research online please take care of your pets,do not buy these for your dog i made the mistake of not researching greenies dental chews online before buying these if you google the greenies and how sick it may make your dog you will be shocked these are still on the market dogs have died eating this deadly poisonous treatbr br i saw the reviews on this product and i bought the teenies for my yorkshire terrier and gave it to him at night after his dinner i figured since its for 515 lb dogs and his first time ill give him just half of the teenie the next morning he didnt eat and he threw up bile and some of the food he ate from the night before and remember i only gave him 12 a piece imagine if i gave him an entire piece it might get obstructed in his intestinesbr br i complained to amazon and they wanted to send me a replacement seriously like after all that for making my dog sick you think that i should try it again plus they wanted the greenies back for what to resell this poison they wouldnt even mail me a box to return it eventually they just decided to send me a refund and that i can discard the greeniesbr br i just want to warn pet owners of this danger there are plenty of similar complaints on this product if you research online please take care of your pets
585,2,wrong size,i ordered the large size but received the regular size for dogs 2550 lbs  my dog is 75 lbs and needs the other size,i ordered the large size but received the regular size for dogs 2550 lbs  my dog is 75 lbs and needs the other size
586,1,didn't receive what i ordered,i ordered the teenie pack of greenies that was supposed to come with 96 teenie sized chews i ended up receiving a pack with 52 teenie sized chews and 8 large chews i returned the product because i did not receive what i ordered amazon couldnt replace my order because they couldnt guarantee i would get the right product if ordered again,i ordered the teenie pack of greenies that was supposed to come with 96 teenie sized chews i ended up receiving a pack with 52 teenie sized chews and 8 large chews i returned the product because i did not receive what i ordered amazon couldnt replace my order because they couldnt guarantee i would get the right product if ordered again
587,1,please research before giving to your dog!,read the stories onlinedogs have died from greenies  i gave my 50lb pound dog greenies for the first time 2 weeks ago and she became very very sick for more than a week  she was vomiting and having potty issues the entire time  these cause blockages and do not allow the dog to fully digest  i cant believe these are still on the marketbr br from one loving pet owner to another  do your research before giving your dogs greenies  trust me,read the stories onlinedogs have died from greenies  i gave my 50lb pound dog greenies for the first time 2 weeks ago and she became very very sick for more than a week  she was vomiting and having potty issues the entire time  these cause blockages and do not allow the dog to fully digest  i cant believe these are still on the marketbr br from one loving pet owner to another  do your research before giving your dogs greenies  trust me
588,2,less than i ordered,the ad says 30 regular greenies but the package i received saysbr 27 greenies,the ad says 30 regular greenies but the package i received saysbr 27 greenies
589,1,"the ultimate consumer ""fraud.""",we have two st bernards one of whom is close to ancient and last year she developed a dental problem  someone mentioned greenies and off we went to find our old girl something to help her age gracefully and hopefully without pain  well she just loved them  as did the younger saint  and here we are a couple of thousand dollars later wondering how to wean at least the younger dog off these obviously addictive green hard gel bones that dont have a single expensive ingredient in them  the packaging however is nicer than that of most department stores but just how many of those boxes do i really wantbr br i have calculated that the most expensive dentist around here would have cost less than the dent greenies have made in my pocketbook  so this is a warning to first time browsers  move on to another product that might well do the job for a third of the money  a stop at your local butchers shop could be cost saving compared to these overpriced pieces of strange green  someone should tell these folks that we are inching toward a depression because to date their reaction to what must be declining sales is to just keep upping the price,we have two st bernards one of whom is close to ancient and last year she developed a dental problem  someone mentioned greenies and off we went to find our old girl something to help her age gracefully and hopefully without pain  well she just loved them  as did the younger saint  and here we are a couple of thousand dollars later wondering how to wean at least the younger dog off these obviously addictive green hard gel bones that dont have a single expensive ingredient in them  the packaging however is nicer than that of most department stores but just how many of those boxes do i really wantbr br i have calculated that the most expensive dentist around here would have cost less than the dent greenies have made in my pocketbook  so this is a warning to first time browsers  move on to another product that might well do the job for a third of the money  a stop at your local butchers shop could be cost saving compared to these overpriced pieces of strange green  someone should tell these folks that we are inching toward a depression because to date their reaction to what must be declining sales is to just keep upping the price
590,3,greenies,i do not recommend these for people  my dog seemed to enjoy them  they were too big for my cat,i do not recommend these for people  my dog seemed to enjoy them  they were too big for my cat
591,3,greenies never has clear description,hellobr br i dont care if its manufacturers or amazons description but its weak 1 you cant blow up product picture 2 description is inconsistent sometimes it states quantity in box but most of the time it does not as with this size petite by the way can someone tell the manufacturer its bad french theres no e at the endbr br thanks,hellobr br i dont care if its manufacturers or amazons description but its weak 1 you cant blow up product picture 2 description is inconsistent sometimes it states quantity in box but most of the time it does not as with this size petite by the way can someone tell the manufacturer its bad french theres no e at the endbr br thanks
592,5,my dogs love these,the thing i like about the senior greenies is that they seem a little bit softer than regular greenies so they are easier on my dogs teeth i have 6 dogs 5 seniors and only my 9toothed senior doxie doesnt eat them,the thing i like about the senior greenies is that they seem a little bit softer than regular greenies so they are easier on my dogs teeth i have 6 dogs 5 seniors and only my 9toothed senior doxie doesnt eat them
593,4,my dogs love these,i have five dogs and feed these daily to help keep their teeth clean  my only complaint is that they are quite expensive to feed on a daily basis  wish there was a way to buy them in bulk,i have five dogs and feed these daily to help keep their teeth clean  my only complaint is that they are quite expensive to feed on a daily basis  wish there was a way to buy them in bulk
594,5,"great treat for dogs, plus ""lite""",these are great for small dogs i have two dachshunds and i love that these are lower in calories i cut them in half because they get more than one per day they like them as much as the regular ones,these are great for small dogs i have two dachshunds and i love that these are lower in calories i cut them in half because they get more than one per day they like them as much as the regular ones
595,5,greenies are the best,my dogs get more excited over greenies than any other treat  i have one german shorthair that is a notoriously finicky eater and she has flatout refused many varieties of dental bones  not only do the greenies do a great job of keeping her teeth clean but she practically does back flips when its time for her daily chewbr br i have pointers between 45 and 60 pounds and the regular size is great for them  greenies are not a chew that will last very long usually about 30 seconds with my dogs  but they do the job  the chews consistency is just right for a dental bone  i give one to each dog after their evening meal and afterwards there is no food residue left on their teethbr br dental bones arent the kind of treats that i use frequently or for training  i give 1 per day to help with oral hygiene  based on that use of this product i have yet to find anything that compete with greenies,my dogs get more excited over greenies than any other treat  i have one german shorthair that is a notoriously finicky eater and she has flatout refused many varieties of dental bones  not only do the greenies do a great job of keeping her teeth clean but she practically does back flips when its time for her daily chewbr br i have pointers between 45 and 60 pounds and the regular size is great for them  greenies are not a chew that will last very long usually about 30 seconds with my dogs  but they do the job  the chews consistency is just right for a dental bone  i give one to each dog after their evening meal and afterwards there is no food residue left on their teethbr br dental bones arent the kind of treats that i use frequently or for training  i give 1 per day to help with oral hygiene  based on that use of this product i have yet to find anything that compete with greenies
596,3,"large size is ""small""",while my dogs do like the chews the picture is misleading the actual package is small and so are the chews  even the large sizebr my dogs breath is a bit better but im not sure they are worth the pricebr ill be trying other brands,while my dogs do like the chews the picture is misleading the actual package is small and so are the chews  even the large sizebr my dogs breath is a bit better but im not sure they are worth the pricebr ill be trying other brands
597,4,hate to pay the price,this appeared to be the best price around but i still dont like paying it  wish my dog would eat pigs ears but he has to have his toothbrush  my vet also sells these and i do trust him so maybe max knows best,this appeared to be the best price around but i still dont like paying it  wish my dog would eat pigs ears but he has to have his toothbrush  my vet also sells these and i do trust him so maybe max knows best
598,5,my dogs love these,i have two chihuahuayorkie females age 5 both 7 pounds and they absolutely love these  it helps their breath smell better too  its a winwin situation  i give them each one a day  amazons price of 2295 for 96 beats the price at my local pet store by a full ten dollars,i have two chihuahuayorkie females age 5 both 7 pounds and they absolutely love these  it helps their breath smell better too  its a winwin situation  i give them each one a day  amazons price of 2295 for 96 beats the price at my local pet store by a full ten dollars
599,5,greenie is my dog's other name,the fur kid loves these  vet has commented on how clean her teeth are for a seven year old  theyre pricey but for a once a day treat i think theyre worth it for keeping her teeth in good condition not to mention seeing her big grin when we open the container  we shouldve named her greenie because that one word gets her attention like nothing else will,the fur kid loves these  vet has commented on how clean her teeth are for a seven year old  theyre pricey but for a once a day treat i think theyre worth it for keeping her teeth in good condition not to mention seeing her big grin when we open the container  we shouldve named her greenie because that one word gets her attention like nothing else will
600,5,great product and free shipping to ak.  can't beat that!,i thought i would write a review because i have seen some negative ones out there in particular ones about dogs vomitting green sponges after eating thembr br my girlfriend and i have a little maltese dexter hes a little over two years old and loves greenies absolutely loves them theyre his favorite treat he loves to hide them and then go back for them laterbr br a couple things to watch for the package says to only feed them one a day we were feeding him like 3 or 4 a day we thought it was like a dental treat and couldnt hurt weve cut it back to one a day and every once and awhile well give him twobr br another thing they can be messy when we first got him and he was tiny it would take him awhile to eat them once they get wet they tend to stick to things now that hes older he eats them pretty fast so theres no problembr br weve never had him vomit from them ever even when we were giving him 4 a day he loves them and has never gotten ill from them one time he got into the package when we werent paying attention and hid them all over the house so he probably has a secret stash somewherebr br i would stick to the product recommendations if you can and if your dog is like ours hell love them,i thought i would write a review because i have seen some negative ones out there in particular ones about dogs vomitting green sponges after eating thembr br my girlfriend and i have a little maltese dexter hes a little over two years old and loves greenies absolutely loves them theyre his favorite treat he loves to hide them and then go back for them laterbr br a couple things to watch for the package says to only feed them one a day we were feeding him like 3 or 4 a day we thought it was like a dental treat and couldnt hurt weve cut it back to one a day and every once and awhile well give him twobr br another thing they can be messy when we first got him and he was tiny it would take him awhile to eat them once they get wet they tend to stick to things now that hes older he eats them pretty fast so theres no problembr br weve never had him vomit from them ever even when we were giving him 4 a day he loves them and has never gotten ill from them one time he got into the package when we werent paying attention and hid them all over the house so he probably has a secret stash somewherebr br i would stick to the product recommendations if you can and if your dog is like ours hell love them
601,4,good stuff,dog loves these  and hes about an 85 lb chowgerman mix so the large size is good for him  i guess these are good and healthy for dogs  supposedly they are  but theyre also pretty expensive  these are also chewy  so it only takes him about 1minute to devour  so you may want to take that into consideration if youre looking for something that will last a little longer   ,dog loves these  and hes about an 85 lb chowgerman mix so the large size is good for him  i guess these are good and healthy for dogs  supposedly they are  but theyre also pretty expensive  these are also chewy  so it only takes him about 1minute to devour  so you may want to take that into consideration if youre looking for something that will last a little longer   
602,2,keeps breath fresh but gives diarrhea,i bought these without first doing some research i was giving these to my dog for a few days her breath was great and i felt good that her teeth were also being cleaned aside from brushing i noticed she was getting diarrhea didnt really think it was the greenies until i did research and found alot of dogs have digestive issues over this stuff and some small dogs have even died my dog is 60lbs not small but it was affecting her stomach i stopped for a week and her stool was back to normal the other day i gave her one greenie to see how she would react and 12hrs later the diarrhea is back she had it all day yesterday and some this morning hopefully tomorrow it is all gone but these greenies are now in the garbage and i am in search of other dental chews,i bought these without first doing some research i was giving these to my dog for a few days her breath was great and i felt good that her teeth were also being cleaned aside from brushing i noticed she was getting diarrhea didnt really think it was the greenies until i did research and found alot of dogs have digestive issues over this stuff and some small dogs have even died my dog is 60lbs not small but it was affecting her stomach i stopped for a week and her stool was back to normal the other day i gave her one greenie to see how she would react and 12hrs later the diarrhea is back she had it all day yesterday and some this morning hopefully tomorrow it is all gone but these greenies are now in the garbage and i am in search of other dental chews
603,4,great deal???,purchased for a good price  my chihuahua likes them did a subscription and received tub for 1692 however a week later went on line to find the subscription price had gone up to 2099 and no notification was sent to inform me of price increase,purchased for a good price  my chihuahua likes them did a subscription and received tub for 1692 however a week later went on line to find the subscription price had gone up to 2099 and no notification was sent to inform me of price increase
604,5,my dog loves these.,after having 11 teeth pulled by the vet i had to find a convenient way to brush my dogs teeth  i have used these for 6 months and he has not had any more teeth problems  he loves the taste and he has fresh breath,after having 11 teeth pulled by the vet i had to find a convenient way to brush my dogs teeth  i have used these for 6 months and he has not had any more teeth problems  he loves the taste and he has fresh breath
605,3,dog likes it,these are great but i read horror stories about dogs choking or being unable to digest it so i have decided not to give them to my dog anymore however there was an article indicating that they changed the ingredients so that there wouldnt be a choking hazard but i would rather be safe than sorry,these are great but i read horror stories about dogs choking or being unable to digest it so i have decided not to give them to my dog anymore however there was an article indicating that they changed the ingredients so that there wouldnt be a choking hazard but i would rather be safe than sorry
606,5,"greenies dental chews for,teenie",i have a little shitzuevery day at 3oopm she gets a greenieshe never forgetshe stare at me with her lazer eyes until i go to the package and give one greenie she loves your product and cannot live without it,i have a little shitzuevery day at 3oopm she gets a greenieshe never forgetshe stare at me with her lazer eyes until i go to the package and give one greenie she loves your product and cannot live without it
607,5,dog loves greenies,my dog loves the greenies and they actually do work for him as his teeth are whiter and breath is fresher  i have tried other brands and had to come back to the greenies,my dog loves the greenies and they actually do work for him as his teeth are whiter and breath is fresher  i have tried other brands and had to come back to the greenies
608,4,our dogs will do anything for a greenie,i have 2 small terriers who arent really interested in any kind of dog toys except rawhide ones which they choke on but they love greenies  i can get them to do almost anything if i mention greenie  i do wish greenies were a little harder  the dogs polish them off so quickly that i dont think they really are helping clean the teeth very well,i have 2 small terriers who arent really interested in any kind of dog toys except rawhide ones which they choke on but they love greenies  i can get them to do almost anything if i mention greenie  i do wish greenies were a little harder  the dogs polish them off so quickly that i dont think they really are helping clean the teeth very well
609,3,greenies,my medium sized dog will not chew rubber bones  so i bought greenies hoping the chewing would help keep her teeth cleanbr she is overweight so i dont give her extra treats during the day  unfortunately the greenies are not as hard as i thought she is able to bite off and swallow the pieces within a minute or two,my medium sized dog will not chew rubber bones  so i bought greenies hoping the chewing would help keep her teeth cleanbr she is overweight so i dont give her extra treats during the day  unfortunately the greenies are not as hard as i thought she is able to bite off and swallow the pieces within a minute or two
610,5,good deal,the dental chews were the right size for my golden retrievers  they love them  the chews arrived promptly and in good condition,the dental chews were the right size for my golden retrievers  they love them  the chews arrived promptly and in good condition
611,4,my dogs love greenies!,my dogs get one greenie everyday  i like that they offer a lite version  i was giving them the teenie version that has 96 greenies which took less than 1 minute to consume  since they are 14 lbs and 19 lbs im happy that they offer the petite size which takes them a couple minutes to consume,my dogs get one greenie everyday  i like that they offer a lite version  i was giving them the teenie version that has 96 greenies which took less than 1 minute to consume  since they are 14 lbs and 19 lbs im happy that they offer the petite size which takes them a couple minutes to consume
612,4,favorite treat!,bentley loves greenies  he has a lot of tartar and he is only 2 12 so we use them hoping it helps  he gets one every night if he has finished all his food  he will go to the closet and cry if i forget  all i have to say is puppy crack  and he goes crazy for it  it seems to be helping but i cant really tell but we will continue using it always  i priced them several places and amazon was the best deal,bentley loves greenies  he has a lot of tartar and he is only 2 12 so we use them hoping it helps  he gets one every night if he has finished all his food  he will go to the closet and cry if i forget  all i have to say is puppy crack  and he goes crazy for it  it seems to be helping but i cant really tell but we will continue using it always  i priced them several places and amazon was the best deal
613,5,my pooch's absolute favorite chew treat!!,all my dogs have absolutely loved greenies though my latest little guy tends to gain weight in the winter hence greenies lite  this is the treat that my dogs will literally dance for so when i can find these tubs for a great price i grab them  they really do prevent stinky breath and keep his sixyear old doggy teeth looking good  this was a homerun hit under the christmas tree,all my dogs have absolutely loved greenies though my latest little guy tends to gain weight in the winter hence greenies lite  this is the treat that my dogs will literally dance for so when i can find these tubs for a great price i grab them  they really do prevent stinky breath and keep his sixyear old doggy teeth looking good  this was a homerun hit under the christmas tree
614,5,my dogs go crazy for these,heaven forbid that i should run out of these so i usually order more than one box at the time my dogs are small so i always buy the lite teenie greenies my dogs love these so much they will do anything i ask them to do just to get one they will come to me when i call them no matter where they are if they think theyll get a greenie reward i give each one of my two little dogs a greenie everynight before their bedtime and they know the routine so well till one of them runs to her bed and actually opens up her kennel door with her paws then climbs in and waits for her greenie i have never seen a dog yet who did not love greenies  even my almost toothless fourteen year old schnauzer loves her some greenies,heaven forbid that i should run out of these so i usually order more than one box at the time my dogs are small so i always buy the lite teenie greenies my dogs love these so much they will do anything i ask them to do just to get one they will come to me when i call them no matter where they are if they think theyll get a greenie reward i give each one of my two little dogs a greenie everynight before their bedtime and they know the routine so well till one of them runs to her bed and actually opens up her kennel door with her paws then climbs in and waits for her greenie i have never seen a dog yet who did not love greenies  even my almost toothless fourteen year old schnauzer loves her some greenies
615,5,great deal,my dogs go crazy for these it really does help w their bad breath and it keeps them busy for a little bit,my dogs go crazy for these it really does help w their bad breath and it keeps them busy for a little bit
616,5,dogs love them,great value arrived quickly  my two dogs love these treats and they are great for their teeth another great purchase,great value arrived quickly  my two dogs love these treats and they are great for their teeth another great purchase
617,5,amazing value price.,i have 2 small dogs that absolutely love greenies in stores such as pets mart or pet co they want 35 on sale for a pack this large i always order on amazon who doesnt want to spoil their dogs at a great price while keeping their teeth white and gums healthy,i have 2 small dogs that absolutely love greenies in stores such as pets mart or pet co they want 35 on sale for a pack this large i always order on amazon who doesnt want to spoil their dogs at a great price while keeping their teeth white and gums healthy
618,4,dog likes them,my dog loves her greenies and it is better to buy them in a tubpak because you get more for your money,my dog loves her greenies and it is better to buy them in a tubpak because you get more for your money
619,5,"great treat, dog loves them!",my black lab loves these treats i need to keep them on hand so i buy two boxes at a time the ziplock bag closure keeps the treats fresh and keeps the pantry from smelling like greenies nice for the dog not for us this also appears to be the best pricing,my black lab loves these treats i need to keep them on hand so i buy two boxes at a time the ziplock bag closure keeps the treats fresh and keeps the pantry from smelling like greenies nice for the dog not for us this also appears to be the best pricing
620,5,my dogs love them and they really work!,my two dogs love them all i have to say is its greenie time i have checked their teeth and they have improved so much my vet recommended them and im glad that i bought them amazon delivery was fantasticly fast,my two dogs love them all i have to say is its greenie time i have checked their teeth and they have improved so much my vet recommended them and im glad that i bought them amazon delivery was fantasticly fast
621,5,great treat for you dog while improving their tooth health,greenies are a great product that dogs love and while they are enjoying their daily treat they are actually keeping their teeth  and gums clean  i always share the information on greenies when people ask how i keep my 6 year old yellow labradors teeth so clean  id always thought they were a bit expensive but amazon has brought them to us at a more affordable price  we have chosen the lite variety to keep our lab a bit trimmer in weight  a good product at a reasonable pricethanks,greenies are a great product that dogs love and while they are enjoying their daily treat they are actually keeping their teeth  and gums clean  i always share the information on greenies when people ask how i keep my 6 year old yellow labradors teeth so clean  id always thought they were a bit expensive but amazon has brought them to us at a more affordable price  we have chosen the lite variety to keep our lab a bit trimmer in weight  a good product at a reasonable pricethanks
622,5,yorkies love em,this is a great product my dogs love them in fact they will fight over who gets one first the teenies are the perfect size it is one of the few treats i can safely offer my smallest yorkie they both seem to listen very well when i pull out the bagbr br my vet says that for yorkies they both have very little plague it beats trying to use the small brushes to brush their teeth,this is a great product my dogs love them in fact they will fight over who gets one first the teenies are the perfect size it is one of the few treats i can safely offer my smallest yorkie they both seem to listen very well when i pull out the bagbr br my vet says that for yorkies they both have very little plague it beats trying to use the small brushes to brush their teeth
623,5,greenies for my dogs,i recently found greenies at amazon my dogs love them and i found them cheaper on amazon than i can get them locallythey are a treat that also keeps their teeth cleaner and their breath smells good when my dogs are happy im happy and with amazons price my wallet is happy,i recently found greenies at amazon my dogs love them and i found them cheaper on amazon than i can get them locallythey are a treat that also keeps their teeth cleaner and their breath smells good when my dogs are happy im happy and with amazons price my wallet is happy
624,5,great gift for your favorite small dog!,i purchased these for my 19 lb beagle  they actually came in a holiday box i didnt know this until i opened my amazon box which wouldve been great had i been giving them as a gift  they are the perfect size for my dog and she devours them  note  it is recommended that you give your dog only one treat per day,i purchased these for my 19 lb beagle  they actually came in a holiday box i didnt know this until i opened my amazon box which wouldve been great had i been giving them as a gift  they are the perfect size for my dog and she devours them  note  it is recommended that you give your dog only one treat per day
625,5,good price and fast shipping,i am happy with the service of this company  fast shipping and great communication  also the product helps keep my dogs teeth clean and breath smelling great  my dog gets greenies every night and reminds me at 8 pm that it is time for greenies,i am happy with the service of this company  fast shipping and great communication  also the product helps keep my dogs teeth clean and breath smelling great  my dog gets greenies every night and reminds me at 8 pm that it is time for greenies
626,5,wonder where the tartar went.............,i was a skeptic  i thought i would have to have my dogs teeth cleaned by a vet at a cost of 15000 plus  their breath would knock over a horse  then i heard of greenies  wow can i say bright teeth and great breath and i feed them only 12 of a regular one a day  they love them great product fast shipping there is nothing more that needs to be said,i was a skeptic  i thought i would have to have my dogs teeth cleaned by a vet at a cost of 15000 plus  their breath would knock over a horse  then i heard of greenies  wow can i say bright teeth and great breath and i feed them only 12 of a regular one a day  they love them great product fast shipping there is nothing more that needs to be said
627,5,great bundle will last forever for small dog.,make sure you have a small dogbig dogs might choke on these if they get to anxious  but there are a ton in this box  a great value and they do whiten the teeth very well  see all the great reviews  help your dogs teeth if you dont want to brush them like me,make sure you have a small dogbig dogs might choke on these if they get to anxious  but there are a ton in this box  a great value and they do whiten the teeth very well  see all the great reviews  help your dogs teeth if you dont want to brush them like me
628,5,greenies,these are the best things since sliced bread  i have been giving my dogs this treat for quite awhile  my dogs love them and they were very reasonably priced  i paid you 1895 plus shipping and at petsmart they are 3299 plus tax for the exact same amount  thanks for the good buybr br sincerelybr danny knowles,these are the best things since sliced bread  i have been giving my dogs this treat for quite awhile  my dogs love them and they were very reasonably priced  i paid you 1895 plus shipping and at petsmart they are 3299 plus tax for the exact same amount  thanks for the good buybr br sincerelybr danny knowles
629,5,my dog loves these,my dog loves these  i received a sample at the vets office where i got my puppy and he loved them  i like the fact that they help to clean his teeth as well as satisfy his need to chew,my dog loves these  i received a sample at the vets office where i got my puppy and he loved them  i like the fact that they help to clean his teeth as well as satisfy his need to chew
630,5,greenies dental chews -teenies,oh my gosh we cannot be without greenies at our house or i will have a very unhappy doggie  she seems to know the exact time of day that she will get her greenie and just wags and begs for it right after dinner  i order from amazon because the price is the best i have found and the delivery is fast and convenientbr i am a huge fan of amazon they treat their customers right and makes all purchasesreturns very easy,oh my gosh we cannot be without greenies at our house or i will have a very unhappy doggie  she seems to know the exact time of day that she will get her greenie and just wags and begs for it right after dinner  i order from amazon because the price is the best i have found and the delivery is fast and convenientbr i am a huge fan of amazon they treat their customers right and makes all purchasesreturns very easy
631,5,"great product, great price",same thing you buy for a lot more at other stores not much more to say about  i love it she loves it and ive bought it again numerous times,same thing you buy for a lot more at other stores not much more to say about  i love it she loves it and ive bought it again numerous times
